CMDLINE .\electron-counter-app.exe
MEM 3.335938 1660495412.7654
MEM 40.562500 1660495412.8764
MEM 87.558594 1660495412.9881
CHLD 0 20.718750 1660495412.9911
MEM 87.558594 1660495413.0981
CHLD 0 20.718750 1660495413.1012
MEM 87.558594 1660495413.2052
CHLD 0 20.718750 1660495413.2082
MEM 87.558594 1660495413.3171
CHLD 0 20.718750 1660495413.3201
MEM 87.558594 1660495413.4261
CHLD 0 20.718750 1660495413.4291
MEM 87.558594 1660495413.5371
CHLD 0 20.718750 1660495413.5401
MEM 206.207031 1660495413.6483
CHLD 0 29.945312 1660495413.6543
CHLD 1 40.851562 1660495413.6543
CHLD 2 40.988281 1660495413.6543
CHLD 3 35.750000 1660495413.6543
MEM 261.398438 1660495413.7727
CHLD 0 44.574219 1660495413.7767
CHLD 1 40.878906 1660495413.7767
CHLD 2 57.144531 1660495413.7767
CHLD 3 52.140625 1660495413.7767
MEM 333.660156 1660495413.8817
CHLD 0 95.500000 1660495413.8857
CHLD 1 40.878906 1660495413.8857
CHLD 2 63.066406 1660495413.8857
CHLD 3 63.375000 1660495413.8857
MEM 356.722656 1660495414.0047
CHLD 0 97.789062 1660495414.0087
CHLD 1 40.878906 1660495414.0087
CHLD 2 63.160156 1660495414.0087
CHLD 3 83.160156 1660495414.0087
MEM 382.421875 1660495414.1180
CHLD 0 107.816406 1660495414.1219
CHLD 1 40.878906 1660495414.1219
CHLD 2 65.378906 1660495414.1219
CHLD 3 95.929688 1660495414.1219
MEM 400.835938 1660495414.2406
CHLD 0 120.359375 1660495414.2439
CHLD 1 40.878906 1660495414.2439
CHLD 2 66.472656 1660495414.2439
CHLD 3 100.351562 1660495414.2439
MEM 407.703125 1660495414.3489
CHLD 0 126.003906 1660495414.3519
CHLD 1 40.878906 1660495414.3519
CHLD 2 66.472656 1660495414.3519
CHLD 3 101.382812 1660495414.3519
MEM 410.765625 1660495414.4602
CHLD 0 126.828125 1660495414.4642
CHLD 1 40.878906 1660495414.4642
CHLD 2 66.472656 1660495414.4642
CHLD 3 103.582031 1660495414.4642
MEM 410.769531 1660495414.5874
CHLD 0 126.828125 1660495414.5914
CHLD 1 40.878906 1660495414.5914
CHLD 2 66.472656 1660495414.5914
CHLD 3 103.585938 1660495414.5914
MEM 410.769531 1660495414.7095
CHLD 0 126.828125 1660495414.7125
CHLD 1 40.878906 1660495414.7125
CHLD 2 66.472656 1660495414.7125
CHLD 3 103.585938 1660495414.7125
MEM 410.804688 1660495414.8337
CHLD 0 126.828125 1660495414.8377
CHLD 1 40.878906 1660495414.8377
CHLD 2 66.484375 1660495414.8377
CHLD 3 103.601562 1660495414.8377
MEM 410.804688 1660495414.9579
CHLD 0 126.828125 1660495414.9609
CHLD 1 40.878906 1660495414.9609
CHLD 2 66.484375 1660495414.9619
CHLD 3 103.601562 1660495414.9619
MEM 408.820312 1660495415.0777
CHLD 0 125.835938 1660495415.0807
CHLD 1 40.878906 1660495415.0807
CHLD 2 66.484375 1660495415.0807
CHLD 3 103.601562 1660495415.0807
MEM 408.824219 1660495415.1875
CHLD 0 125.835938 1660495415.1925
CHLD 1 40.878906 1660495415.1925
CHLD 2 66.484375 1660495415.1925
CHLD 3 103.601562 1660495415.1925
MEM 408.824219 1660495415.3019
CHLD 0 125.835938 1660495415.3059
CHLD 1 40.878906 1660495415.3059
CHLD 2 66.484375 1660495415.3059
CHLD 3 103.601562 1660495415.3059
MEM 408.824219 1660495415.4269
CHLD 0 125.835938 1660495415.4323
CHLD 1 40.878906 1660495415.4323
CHLD 2 66.484375 1660495415.4323
CHLD 3 103.601562 1660495415.4323
MEM 408.832031 1660495415.5493
CHLD 0 125.835938 1660495415.5543
CHLD 1 40.878906 1660495415.5543
CHLD 2 66.484375 1660495415.5543
CHLD 3 103.609375 1660495415.5543
MEM 408.226562 1660495415.6740
CHLD 0 125.835938 1660495415.6780
CHLD 1 40.878906 1660495415.6780
CHLD 2 65.878906 1660495415.6780
CHLD 3 103.609375 1660495415.6780
MEM 407.968750 1660495415.7941
CHLD 0 125.835938 1660495415.7971
CHLD 1 40.878906 1660495415.7971
CHLD 2 65.878906 1660495415.7971
CHLD 3 103.351562 1660495415.7971
MEM 406.246094 1660495415.9188
CHLD 0 124.765625 1660495415.9218
CHLD 1 40.878906 1660495415.9218
CHLD 2 65.542969 1660495415.9218
CHLD 3 103.035156 1660495415.9218
MEM 406.246094 1660495416.0452
CHLD 0 124.765625 1660495416.0492
CHLD 1 40.878906 1660495416.0492
CHLD 2 65.542969 1660495416.0492
CHLD 3 103.035156 1660495416.0492
MEM 406.246094 1660495416.1707
CHLD 0 124.765625 1660495416.1737
CHLD 1 40.878906 1660495416.1737
CHLD 2 65.542969 1660495416.1737
CHLD 3 103.035156 1660495416.1737
MEM 406.246094 1660495416.2931
CHLD 0 124.765625 1660495416.2971
CHLD 1 40.878906 1660495416.2971
CHLD 2 65.542969 1660495416.2971
CHLD 3 103.035156 1660495416.2971
MEM 406.246094 1660495416.4157
CHLD 0 124.765625 1660495416.4187
CHLD 1 40.878906 1660495416.4187
CHLD 2 65.542969 1660495416.4187
CHLD 3 103.035156 1660495416.4187
MEM 406.246094 1660495416.5382
CHLD 0 124.765625 1660495416.5412
CHLD 1 40.878906 1660495416.5412
CHLD 2 65.542969 1660495416.5412
CHLD 3 103.035156 1660495416.5412
MEM 406.246094 1660495416.6607
CHLD 0 124.765625 1660495416.6637
CHLD 1 40.878906 1660495416.6637
CHLD 2 65.542969 1660495416.6637
CHLD 3 103.035156 1660495416.6637
MEM 406.246094 1660495416.7886
CHLD 0 124.765625 1660495416.7926
CHLD 1 40.878906 1660495416.7926
CHLD 2 65.542969 1660495416.7926
CHLD 3 103.035156 1660495416.7926
MEM 405.988281 1660495416.9119
CHLD 0 124.753906 1660495416.9159
CHLD 1 40.878906 1660495416.9159
CHLD 2 65.542969 1660495416.9159
CHLD 3 103.035156 1660495416.9159
MEM 405.988281 1660495417.0306
CHLD 0 124.753906 1660495417.0338
CHLD 1 40.878906 1660495417.0338
CHLD 2 65.542969 1660495417.0338
CHLD 3 103.035156 1660495417.0338
MEM 405.988281 1660495417.1450
CHLD 0 124.753906 1660495417.1490
CHLD 1 40.878906 1660495417.1490
CHLD 2 65.542969 1660495417.1490
CHLD 3 103.035156 1660495417.1490
MEM 405.988281 1660495417.2650
CHLD 0 124.753906 1660495417.2690
CHLD 1 40.878906 1660495417.2690
CHLD 2 65.542969 1660495417.2690
CHLD 3 103.035156 1660495417.2690
MEM 405.988281 1660495417.3750
CHLD 0 124.753906 1660495417.3789
CHLD 1 40.878906 1660495417.3789
CHLD 2 65.542969 1660495417.3789
CHLD 3 103.035156 1660495417.3789
MEM 405.988281 1660495417.4858
CHLD 0 124.753906 1660495417.4888
CHLD 1 40.878906 1660495417.4888
CHLD 2 65.542969 1660495417.4888
CHLD 3 103.035156 1660495417.4888
MEM 406.031250 1660495417.5949
CHLD 0 124.816406 1660495417.5979
CHLD 1 40.878906 1660495417.5979
CHLD 2 65.542969 1660495417.5979
CHLD 3 103.308594 1660495417.5979
MEM 408.179688 1660495417.7045
CHLD 0 125.667969 1660495417.7095
CHLD 1 40.828125 1660495417.7095
CHLD 2 67.171875 1660495417.7095
CHLD 3 102.335938 1660495417.7095
MEM 409.820312 1660495417.8322
CHLD 0 126.683594 1660495417.8363
CHLD 1 40.828125 1660495417.8363
CHLD 2 68.402344 1660495417.8363
CHLD 3 101.945312 1660495417.8363
MEM 409.871094 1660495417.9559
CHLD 0 126.683594 1660495417.9589
CHLD 1 40.828125 1660495417.9589
CHLD 2 68.402344 1660495417.9589
CHLD 3 101.996094 1660495417.9589
MEM 409.871094 1660495418.0819
CHLD 0 126.683594 1660495418.0859
CHLD 1 40.828125 1660495418.0859
CHLD 2 68.402344 1660495418.0859
CHLD 3 101.996094 1660495418.0859
MEM 410.031250 1660495418.2046
CHLD 0 126.804688 1660495418.2116
CHLD 1 40.828125 1660495418.2116
CHLD 2 68.402344 1660495418.2116
CHLD 3 103.277344 1660495418.2116
MEM 311.234375 1660495418.3220
CHLD 0 127.957031 1660495418.3250
CHLD 1 40.832031 1660495418.3250
CHLD 2 69.078125 1660495418.3250
MEM 311.234375 1660495418.4385
CHLD 0 127.957031 1660495418.4425
CHLD 1 40.832031 1660495418.4425
CHLD 2 69.078125 1660495418.4425
MEM 311.320312 1660495418.5579
CHLD 0 127.957031 1660495418.5618
CHLD 1 40.832031 1660495418.5618
CHLD 2 69.179688 1660495418.5618
MEM 311.546875 1660495418.6677
CHLD 0 127.957031 1660495418.6707
CHLD 1 40.832031 1660495418.6707
CHLD 2 69.394531 1660495418.6707
MEM 311.730469 1660495418.7789
CHLD 0 128.019531 1660495418.7818
CHLD 1 40.832031 1660495418.7818
CHLD 2 69.511719 1660495418.7818
MEM 311.812500 1660495418.8888
CHLD 0 128.011719 1660495418.8928
CHLD 1 40.832031 1660495418.8928
CHLD 2 69.601562 1660495418.8928
MEM 311.921875 1660495419.0007
CHLD 0 128.011719 1660495419.0037
CHLD 1 40.832031 1660495419.0037
CHLD 2 69.710938 1660495419.0037
MEM 311.972656 1660495419.1157
CHLD 0 128.011719 1660495419.1197
CHLD 1 40.832031 1660495419.1197
CHLD 2 69.761719 1660495419.1197
MEM 312.257812 1660495419.2375
CHLD 0 128.015625 1660495419.2415
CHLD 1 40.832031 1660495419.2415
CHLD 2 70.011719 1660495419.2415
MEM 310.234375 1660495419.3646
CHLD 0 127.015625 1660495419.3686
CHLD 1 40.832031 1660495419.3686
CHLD 2 70.015625 1660495419.3686
MEM 310.207031 1660495419.4891
CHLD 0 127.019531 1660495419.4922
CHLD 1 40.832031 1660495419.4922
CHLD 2 69.984375 1660495419.4922
MEM 310.214844 1660495419.6084
CHLD 0 127.027344 1660495419.6124
CHLD 1 40.832031 1660495419.6124
CHLD 2 69.984375 1660495419.6124
MEM 310.218750 1660495419.7196
CHLD 0 127.027344 1660495419.7226
CHLD 1 40.832031 1660495419.7226
CHLD 2 69.988281 1660495419.7226
MEM 310.226562 1660495419.8477
CHLD 0 127.042969 1660495419.8527
CHLD 1 40.832031 1660495419.8527
CHLD 2 69.980469 1660495419.8527
MEM 310.234375 1660495419.9715
CHLD 0 127.046875 1660495419.9755
CHLD 1 40.832031 1660495419.9755
CHLD 2 69.984375 1660495419.9755
MEM 310.238281 1660495420.0907
CHLD 0 127.027344 1660495420.0936
CHLD 1 40.832031 1660495420.0936
CHLD 2 70.007812 1660495420.0936
MEM 310.242188 1660495420.2052
CHLD 0 127.027344 1660495420.2092
CHLD 1 40.832031 1660495420.2092
CHLD 2 70.011719 1660495420.2092
MEM 310.230469 1660495420.3226
CHLD 0 127.003906 1660495420.3256
CHLD 1 40.832031 1660495420.3256
CHLD 2 70.023438 1660495420.3256
MEM 310.250000 1660495420.4330
CHLD 0 127.007812 1660495420.4370
CHLD 1 40.832031 1660495420.4370
CHLD 2 70.039062 1660495420.4370
MEM 310.253906 1660495420.5464
CHLD 0 127.007812 1660495420.5504
CHLD 1 40.832031 1660495420.5504
CHLD 2 70.042969 1660495420.5504
MEM 310.308594 1660495420.6668
CHLD 0 127.011719 1660495420.6697
CHLD 1 40.832031 1660495420.6697
CHLD 2 70.093750 1660495420.6697
MEM 310.441406 1660495420.7798
CHLD 0 127.011719 1660495420.7838
CHLD 1 40.832031 1660495420.7838
CHLD 2 70.226562 1660495420.7838
MEM 310.253906 1660495420.9020
CHLD 0 127.011719 1660495420.9060
CHLD 1 40.832031 1660495420.9060
CHLD 2 70.285156 1660495420.9060
MEM 310.281250 1660495421.0159
CHLD 0 127.011719 1660495421.0199
CHLD 1 40.832031 1660495421.0199
CHLD 2 70.312500 1660495421.0199
MEM 309.699219 1660495421.1393
CHLD 0 127.007812 1660495421.1433
CHLD 1 40.832031 1660495421.1433
CHLD 2 70.320312 1660495421.1433
MEM 309.714844 1660495421.2567
CHLD 0 127.003906 1660495421.2597
CHLD 1 40.832031 1660495421.2597
CHLD 2 70.339844 1660495421.2597
MEM 309.699219 1660495421.3697
CHLD 0 126.996094 1660495421.3737
CHLD 1 40.832031 1660495421.3737
CHLD 2 70.339844 1660495421.3737
MEM 309.703125 1660495421.4949
CHLD 0 126.996094 1660495421.4989
CHLD 1 40.832031 1660495421.4989
CHLD 2 70.343750 1660495421.4989
MEM 309.707031 1660495421.6127
CHLD 0 126.980469 1660495421.6166
CHLD 1 40.832031 1660495421.6166
CHLD 2 70.363281 1660495421.6166
MEM 308.890625 1660495421.7271
CHLD 0 126.980469 1660495421.7301
CHLD 1 40.925781 1660495421.7301
CHLD 2 70.363281 1660495421.7301
MEM 306.523438 1660495421.8485
CHLD 0 126.855469 1660495421.8525
CHLD 1 40.925781 1660495421.8525
CHLD 2 68.121094 1660495421.8525
MEM 306.531250 1660495421.9724
CHLD 0 126.855469 1660495421.9766
CHLD 1 40.925781 1660495421.9766
CHLD 2 68.148438 1660495421.9766
MEM 306.554688 1660495422.0985
CHLD 0 126.855469 1660495422.1025
CHLD 1 40.925781 1660495422.1025
CHLD 2 68.152344 1660495422.1025
MEM 306.570312 1660495422.2235
CHLD 0 126.855469 1660495422.2275
CHLD 1 40.925781 1660495422.2275
CHLD 2 68.164062 1660495422.2275
MEM 306.589844 1660495422.3412
CHLD 0 126.855469 1660495422.3448
CHLD 1 40.925781 1660495422.3448
CHLD 2 68.183594 1660495422.3448
MEM 305.500000 1660495422.4500
CHLD 0 126.855469 1660495422.4530
CHLD 1 40.925781 1660495422.4530
CHLD 2 67.093750 1660495422.4530
MEM 305.515625 1660495422.5775
CHLD 0 126.855469 1660495422.5815
CHLD 1 40.925781 1660495422.5815
CHLD 2 67.109375 1660495422.5815
MEM 305.523438 1660495422.6964
CHLD 0 126.855469 1660495422.6994
CHLD 1 40.925781 1660495422.6994
CHLD 2 67.117188 1660495422.6994
MEM 305.613281 1660495422.8211
CHLD 0 126.867188 1660495422.8241
CHLD 1 40.925781 1660495422.8241
CHLD 2 67.191406 1660495422.8241
MEM 305.664062 1660495422.9458
CHLD 0 126.878906 1660495422.9499
CHLD 1 40.925781 1660495422.9499
CHLD 2 67.230469 1660495422.9499
MEM 305.714844 1660495423.0673
CHLD 0 126.882812 1660495423.0713
CHLD 1 40.925781 1660495423.0713
CHLD 2 67.269531 1660495423.0713
MEM 305.750000 1660495423.1815
CHLD 0 126.886719 1660495423.1865
CHLD 1 40.925781 1660495423.1865
CHLD 2 67.296875 1660495423.1865
MEM 305.792969 1660495423.3008
CHLD 0 126.890625 1660495423.3038
CHLD 1 40.925781 1660495423.3038
CHLD 2 67.332031 1660495423.3038
MEM 305.792969 1660495423.4275
CHLD 0 126.890625 1660495423.4315
CHLD 1 40.925781 1660495423.4315
CHLD 2 67.332031 1660495423.4315
MEM 305.804688 1660495423.5486
CHLD 0 126.894531 1660495423.5516
CHLD 1 40.925781 1660495423.5516
CHLD 2 67.339844 1660495423.5516
MEM 305.847656 1660495423.6570
CHLD 0 126.914062 1660495423.6600
CHLD 1 40.925781 1660495423.6600
CHLD 2 67.359375 1660495423.6600
MEM 305.851562 1660495423.7707
CHLD 0 126.914062 1660495423.7747
CHLD 1 40.925781 1660495423.7747
CHLD 2 67.363281 1660495423.7747
MEM 305.859375 1660495423.8949
CHLD 0 126.917969 1660495423.8989
CHLD 1 40.925781 1660495423.8989
CHLD 2 67.367188 1660495423.8989
MEM 305.859375 1660495424.0156
CHLD 0 126.917969 1660495424.0186
CHLD 1 40.925781 1660495424.0186
CHLD 2 67.367188 1660495424.0186
MEM 305.859375 1660495424.1393
CHLD 0 126.917969 1660495424.1453
CHLD 1 40.925781 1660495424.1453
CHLD 2 67.367188 1660495424.1453
MEM 305.859375 1660495424.2665
CHLD 0 126.917969 1660495424.2715
CHLD 1 40.925781 1660495424.2715
CHLD 2 67.367188 1660495424.2715
MEM 305.859375 1660495424.3927
CHLD 0 126.917969 1660495424.3977
CHLD 1 40.925781 1660495424.3977
CHLD 2 67.367188 1660495424.3977
MEM 305.859375 1660495424.5158
CHLD 0 126.917969 1660495424.5198
CHLD 1 40.925781 1660495424.5198
CHLD 2 67.367188 1660495424.5198
MEM 305.859375 1660495424.6404
CHLD 0 126.917969 1660495424.6455
CHLD 1 40.925781 1660495424.6455
CHLD 2 67.367188 1660495424.6455
MEM 305.859375 1660495424.7639
CHLD 0 126.917969 1660495424.7679
CHLD 1 40.925781 1660495424.7679
CHLD 2 67.367188 1660495424.7679
MEM 305.136719 1660495424.8837
CHLD 0 126.429688 1660495424.8877
CHLD 1 40.925781 1660495424.8877
CHLD 2 67.398438 1660495424.8877
MEM 305.253906 1660495424.9938
CHLD 0 126.429688 1660495424.9978
CHLD 1 40.925781 1660495424.9978
CHLD 2 67.496094 1660495424.9978
MEM 305.277344 1660495425.1025
CHLD 0 126.429688 1660495425.1057
CHLD 1 40.925781 1660495425.1057
CHLD 2 67.515625 1660495425.1057
MEM 305.367188 1660495425.2181
CHLD 0 126.429688 1660495425.2211
CHLD 1 40.925781 1660495425.2211
CHLD 2 67.605469 1660495425.2211
MEM 305.398438 1660495425.3397
CHLD 0 126.429688 1660495425.3427
CHLD 1 40.925781 1660495425.3427
CHLD 2 67.636719 1660495425.3427
MEM 305.445312 1660495425.4534
CHLD 0 126.429688 1660495425.4563
CHLD 1 40.925781 1660495425.4563
CHLD 2 67.683594 1660495425.4563
MEM 297.628906 1660495425.5751
CHLD 0 118.597656 1660495425.5801
CHLD 1 40.925781 1660495425.5801
CHLD 2 67.699219 1660495425.5801
MEM 297.597656 1660495425.6996
CHLD 0 118.601562 1660495425.7040
CHLD 1 40.882812 1660495425.7040
CHLD 2 67.695312 1660495425.7040
MEM 297.207031 1660495425.8278
CHLD 0 118.574219 1660495425.8318
CHLD 1 40.882812 1660495425.8318
CHLD 2 67.339844 1660495425.8318
MEM 297.222656 1660495425.9498
CHLD 0 118.578125 1660495425.9528
CHLD 1 40.882812 1660495425.9528
CHLD 2 67.351562 1660495425.9528
MEM 297.230469 1660495426.0720
CHLD 0 118.578125 1660495426.0750
CHLD 1 40.882812 1660495426.0750
CHLD 2 67.359375 1660495426.0750
MEM 297.292969 1660495426.1830
CHLD 0 118.640625 1660495426.1850
CHLD 1 40.882812 1660495426.1850
CHLD 2 67.359375 1660495426.1859
MEM 297.320312 1660495426.3082
CHLD 0 118.644531 1660495426.3122
CHLD 1 40.882812 1660495426.3122
CHLD 2 67.378906 1660495426.3122
MEM 297.324219 1660495426.4329
CHLD 0 118.644531 1660495426.4369
CHLD 1 40.882812 1660495426.4369
CHLD 2 67.382812 1660495426.4369
MEM 297.343750 1660495426.5585
CHLD 0 118.644531 1660495426.5635
CHLD 1 40.882812 1660495426.5635
CHLD 2 67.402344 1660495426.5635
MEM 297.363281 1660495426.6768
CHLD 0 118.644531 1660495426.6808
CHLD 1 40.882812 1660495426.6808
CHLD 2 67.421875 1660495426.6808
MEM 297.363281 1660495426.7905
CHLD 0 118.644531 1660495426.7945
CHLD 1 40.882812 1660495426.7955
CHLD 2 67.421875 1660495426.7955
MEM 297.375000 1660495426.9111
CHLD 0 118.644531 1660495426.9141
CHLD 1 40.882812 1660495426.9141
CHLD 2 67.429688 1660495426.9141
MEM 297.375000 1660495427.0321
CHLD 0 118.644531 1660495427.0351
CHLD 1 40.882812 1660495427.0351
CHLD 2 67.429688 1660495427.0351
MEM 297.375000 1660495427.1470
CHLD 0 118.644531 1660495427.1520
CHLD 1 40.882812 1660495427.1520
CHLD 2 67.429688 1660495427.1520
MEM 297.375000 1660495427.2675
CHLD 0 118.644531 1660495427.2705
CHLD 1 40.882812 1660495427.2705
CHLD 2 67.429688 1660495427.2705
MEM 297.429688 1660495427.3960
CHLD 0 118.644531 1660495427.4000
CHLD 1 40.882812 1660495427.4000
CHLD 2 67.484375 1660495427.4000
MEM 297.472656 1660495427.5208
CHLD 0 118.644531 1660495427.5258
CHLD 1 40.882812 1660495427.5258
CHLD 2 67.527344 1660495427.5258
MEM 297.472656 1660495427.6451
CHLD 0 118.644531 1660495427.6501
CHLD 1 40.882812 1660495427.6501
CHLD 2 67.527344 1660495427.6501
MEM 297.472656 1660495427.7703
CHLD 0 118.644531 1660495427.7743
CHLD 1 40.882812 1660495427.7743
CHLD 2 67.527344 1660495427.7743
MEM 297.472656 1660495427.8916
CHLD 0 118.644531 1660495427.8946
CHLD 1 40.882812 1660495427.8946
CHLD 2 67.527344 1660495427.8946
MEM 297.472656 1660495428.0028
CHLD 0 118.644531 1660495428.0058
CHLD 1 40.882812 1660495428.0058
CHLD 2 67.527344 1660495428.0058
MEM 297.472656 1660495428.1256
CHLD 0 118.644531 1660495428.1286
CHLD 1 40.882812 1660495428.1286
CHLD 2 67.527344 1660495428.1286
MEM 297.472656 1660495428.2539
CHLD 0 118.644531 1660495428.2588
CHLD 1 40.882812 1660495428.2588
CHLD 2 67.527344 1660495428.2588
MEM 297.472656 1660495428.3747
CHLD 0 118.644531 1660495428.3777
CHLD 1 40.882812 1660495428.3777
CHLD 2 67.527344 1660495428.3777
MEM 297.472656 1660495428.4881
CHLD 0 118.644531 1660495428.4931
CHLD 1 40.882812 1660495428.4931
CHLD 2 67.527344 1660495428.4931
MEM 297.472656 1660495428.6132
CHLD 0 118.644531 1660495428.6172
CHLD 1 40.882812 1660495428.6172
CHLD 2 67.527344 1660495428.6172
MEM 297.472656 1660495428.7321
CHLD 0 118.644531 1660495428.7351
CHLD 1 40.882812 1660495428.7351
CHLD 2 67.527344 1660495428.7351
MEM 296.175781 1660495428.8603
CHLD 0 117.996094 1660495428.8653
CHLD 1 40.882812 1660495428.8653
CHLD 2 66.878906 1660495428.8653
MEM 296.175781 1660495428.9796
CHLD 0 117.996094 1660495428.9826
CHLD 1 40.882812 1660495428.9826
CHLD 2 66.878906 1660495428.9826
MEM 296.175781 1660495429.0928
CHLD 0 117.996094 1660495429.0968
CHLD 1 40.882812 1660495429.0968
CHLD 2 66.878906 1660495429.0968
MEM 296.175781 1660495429.2177
CHLD 0 117.996094 1660495429.2217
CHLD 1 40.882812 1660495429.2217
CHLD 2 66.878906 1660495429.2217
MEM 288.175781 1660495429.3394
CHLD 0 109.996094 1660495429.3434
CHLD 1 40.882812 1660495429.3434
CHLD 2 66.878906 1660495429.3434
MEM 288.175781 1660495429.4623
CHLD 0 109.996094 1660495429.4653
CHLD 1 40.882812 1660495429.4653
CHLD 2 66.878906 1660495429.4653
MEM 288.175781 1660495429.5895
CHLD 0 109.996094 1660495429.5935
CHLD 1 40.882812 1660495429.5935
CHLD 2 66.878906 1660495429.5935
MEM 288.175781 1660495429.7147
CHLD 0 109.996094 1660495429.7197
CHLD 1 40.882812 1660495429.7197
CHLD 2 66.878906 1660495429.7197
MEM 287.921875 1660495429.8378
CHLD 0 109.742188 1660495429.8398
CHLD 1 40.882812 1660495429.8398
CHLD 2 66.878906 1660495429.8398
MEM 287.921875 1660495429.9658
CHLD 0 109.742188 1660495429.9702
CHLD 1 40.882812 1660495429.9702
CHLD 2 66.878906 1660495429.9702
MEM 287.921875 1660495430.0862
CHLD 0 109.742188 1660495430.0892
CHLD 1 40.882812 1660495430.0892
CHLD 2 66.878906 1660495430.0892
MEM 287.921875 1660495430.2136
CHLD 0 109.742188 1660495430.2176
CHLD 1 40.882812 1660495430.2176
CHLD 2 66.878906 1660495430.2176
MEM 287.921875 1660495430.3395
CHLD 0 109.742188 1660495430.3445
CHLD 1 40.882812 1660495430.3445
CHLD 2 66.878906 1660495430.3445
MEM 287.921875 1660495430.4632
CHLD 0 109.742188 1660495430.4672
CHLD 1 40.882812 1660495430.4672
CHLD 2 66.878906 1660495430.4672
MEM 287.921875 1660495430.5835
CHLD 0 109.742188 1660495430.5865
CHLD 1 40.882812 1660495430.5865
CHLD 2 66.878906 1660495430.5865
MEM 287.921875 1660495430.7101
CHLD 0 109.742188 1660495430.7151
CHLD 1 40.882812 1660495430.7151
CHLD 2 66.878906 1660495430.7151
MEM 287.921875 1660495430.8341
CHLD 0 109.742188 1660495430.8381
CHLD 1 40.882812 1660495430.8381
CHLD 2 66.878906 1660495430.8381
MEM 287.921875 1660495430.9565
CHLD 0 109.742188 1660495430.9595
CHLD 1 40.882812 1660495430.9595
CHLD 2 66.878906 1660495430.9595
MEM 287.921875 1660495431.0743
CHLD 0 109.742188 1660495431.0783
CHLD 1 40.882812 1660495431.0783
CHLD 2 66.878906 1660495431.0783
MEM 287.921875 1660495431.1986
CHLD 0 109.742188 1660495431.2026
CHLD 1 40.882812 1660495431.2026
CHLD 2 66.878906 1660495431.2026
MEM 287.921875 1660495431.3219
CHLD 0 109.742188 1660495431.3259
CHLD 1 40.882812 1660495431.3259
CHLD 2 66.878906 1660495431.3259
MEM 287.921875 1660495431.4473
CHLD 0 109.742188 1660495431.4513
CHLD 1 40.882812 1660495431.4513
CHLD 2 66.878906 1660495431.4513
MEM 287.921875 1660495431.5676
CHLD 0 109.742188 1660495431.5706
CHLD 1 40.882812 1660495431.5706
CHLD 2 66.878906 1660495431.5706
MEM 287.921875 1660495431.6818
CHLD 0 109.742188 1660495431.6858
CHLD 1 40.882812 1660495431.6858
CHLD 2 66.878906 1660495431.6858
MEM 287.921875 1660495431.8013
CHLD 0 109.742188 1660495431.8043
CHLD 1 40.882812 1660495431.8043
CHLD 2 66.878906 1660495431.8043
MEM 287.921875 1660495431.9280
CHLD 0 109.742188 1660495431.9330
CHLD 1 40.882812 1660495431.9330
CHLD 2 66.878906 1660495431.9330
MEM 287.921875 1660495432.0484
CHLD 0 109.742188 1660495432.0514
CHLD 1 40.882812 1660495432.0514
CHLD 2 66.878906 1660495432.0514
MEM 287.921875 1660495432.1754
CHLD 0 109.742188 1660495432.1804
CHLD 1 40.882812 1660495432.1804
CHLD 2 66.878906 1660495432.1804
MEM 287.921875 1660495432.2968
CHLD 0 109.742188 1660495432.2998
CHLD 1 40.882812 1660495432.2998
CHLD 2 66.878906 1660495432.2998
MEM 287.921875 1660495432.4193
CHLD 0 109.742188 1660495432.4223
CHLD 1 40.882812 1660495432.4223
CHLD 2 66.878906 1660495432.4223
MEM 287.921875 1660495432.5295
CHLD 0 109.742188 1660495432.5325
CHLD 1 40.882812 1660495432.5325
CHLD 2 66.878906 1660495432.5325
MEM 287.921875 1660495432.6571
CHLD 0 109.742188 1660495432.6611
CHLD 1 40.882812 1660495432.6611
CHLD 2 66.878906 1660495432.6611
MEM 287.921875 1660495432.7839
CHLD 0 109.742188 1660495432.7879
CHLD 1 40.882812 1660495432.7879
CHLD 2 66.878906 1660495432.7879
MEM 287.921875 1660495432.9075
CHLD 0 109.742188 1660495432.9115
CHLD 1 40.882812 1660495432.9115
CHLD 2 66.878906 1660495432.9115
MEM 287.921875 1660495433.0294
CHLD 0 109.742188 1660495433.0324
CHLD 1 40.882812 1660495433.0324
CHLD 2 66.878906 1660495433.0324
MEM 287.921875 1660495433.1424
CHLD 0 109.742188 1660495433.1464
CHLD 1 40.882812 1660495433.1464
CHLD 2 66.878906 1660495433.1464
MEM 287.921875 1660495433.2659
CHLD 0 109.742188 1660495433.2699
CHLD 1 40.882812 1660495433.2699
CHLD 2 66.878906 1660495433.2699
MEM 287.921875 1660495433.3865
CHLD 0 109.742188 1660495433.3895
CHLD 1 40.882812 1660495433.3895
CHLD 2 66.878906 1660495433.3895
MEM 287.921875 1660495433.5105
CHLD 0 109.742188 1660495433.5135
CHLD 1 40.882812 1660495433.5135
CHLD 2 66.878906 1660495433.5135
MEM 287.921875 1660495433.6377
CHLD 0 109.742188 1660495433.6417
CHLD 1 40.882812 1660495433.6417
CHLD 2 66.878906 1660495433.6417
MEM 287.921875 1660495433.7607
CHLD 0 109.742188 1660495433.7637
CHLD 1 40.882812 1660495433.7637
CHLD 2 66.878906 1660495433.7637
MEM 287.921875 1660495433.8868
CHLD 0 109.742188 1660495433.8918
CHLD 1 40.882812 1660495433.8918
CHLD 2 66.878906 1660495433.8918
MEM 287.921875 1660495434.0093
CHLD 0 109.742188 1660495434.0123
CHLD 1 40.882812 1660495434.0123
CHLD 2 66.878906 1660495434.0123
MEM 287.921875 1660495434.1357
CHLD 0 109.742188 1660495434.1396
CHLD 1 40.882812 1660495434.1396
CHLD 2 66.878906 1660495434.1396
MEM 287.921875 1660495434.2622
CHLD 0 109.742188 1660495434.2652
CHLD 1 40.882812 1660495434.2652
CHLD 2 66.878906 1660495434.2652
MEM 287.921875 1660495434.3839
CHLD 0 109.742188 1660495434.3859
CHLD 1 40.882812 1660495434.3859
CHLD 2 66.878906 1660495434.3859
MEM 287.859375 1660495434.5037
CHLD 0 109.742188 1660495434.5067
CHLD 1 40.882812 1660495434.5067
CHLD 2 66.812500 1660495434.5067
MEM 287.859375 1660495434.6134
CHLD 0 109.742188 1660495434.6164
CHLD 1 40.882812 1660495434.6164
CHLD 2 66.812500 1660495434.6164
MEM 287.859375 1660495434.7228
CHLD 0 109.742188 1660495434.7268
CHLD 1 40.882812 1660495434.7268
CHLD 2 66.812500 1660495434.7268
MEM 287.859375 1660495434.8331
CHLD 0 109.742188 1660495434.8361
CHLD 1 40.882812 1660495434.8361
CHLD 2 66.812500 1660495434.8361
MEM 287.859375 1660495434.9435
CHLD 0 109.742188 1660495434.9465
CHLD 1 40.882812 1660495434.9465
CHLD 2 66.812500 1660495434.9465
MEM 287.859375 1660495435.0510
CHLD 0 109.742188 1660495435.0540
CHLD 1 40.882812 1660495435.0540
CHLD 2 66.812500 1660495435.0540
MEM 287.859375 1660495435.1600
CHLD 0 109.742188 1660495435.1637
CHLD 1 40.882812 1660495435.1637
CHLD 2 66.812500 1660495435.1637
MEM 287.859375 1660495435.2718
CHLD 0 109.742188 1660495435.2748
CHLD 1 40.882812 1660495435.2748
CHLD 2 66.812500 1660495435.2748
MEM 287.859375 1660495435.3872
CHLD 0 109.742188 1660495435.3912
CHLD 1 40.882812 1660495435.3912
CHLD 2 66.812500 1660495435.3912
MEM 287.859375 1660495435.5078
CHLD 0 109.742188 1660495435.5118
CHLD 1 40.882812 1660495435.5118
CHLD 2 66.812500 1660495435.5118
MEM 288.480469 1660495435.6169
CHLD 0 110.011719 1660495435.6209
CHLD 1 40.882812 1660495435.6209
CHLD 2 66.828125 1660495435.6209
MEM 288.511719 1660495435.7297
CHLD 0 110.011719 1660495435.7327
CHLD 1 40.882812 1660495435.7327
CHLD 2 66.855469 1660495435.7327
MEM 288.511719 1660495435.8418
CHLD 0 110.011719 1660495435.8448
CHLD 1 40.882812 1660495435.8448
CHLD 2 66.855469 1660495435.8448
MEM 288.511719 1660495435.9515
CHLD 0 110.011719 1660495435.9555
CHLD 1 40.882812 1660495435.9555
CHLD 2 66.855469 1660495435.9555
MEM 288.511719 1660495436.0602
CHLD 0 110.011719 1660495436.0639
CHLD 1 40.882812 1660495436.0639
CHLD 2 66.855469 1660495436.0639
MEM 288.511719 1660495436.1728
CHLD 0 110.011719 1660495436.1768
CHLD 1 40.882812 1660495436.1768
CHLD 2 66.855469 1660495436.1768
MEM 288.511719 1660495436.2978
CHLD 0 110.011719 1660495436.3008
CHLD 1 40.882812 1660495436.3008
CHLD 2 66.855469 1660495436.3008
MEM 288.511719 1660495436.4069
CHLD 0 110.011719 1660495436.4099
CHLD 1 40.882812 1660495436.4099
CHLD 2 66.855469 1660495436.4099
MEM 288.511719 1660495436.5179
CHLD 0 110.011719 1660495436.5217
CHLD 1 40.882812 1660495436.5217
CHLD 2 66.855469 1660495436.5217
MEM 288.011719 1660495436.6259
CHLD 0 109.761719 1660495436.6298
CHLD 1 40.882812 1660495436.6298
CHLD 2 66.855469 1660495436.6298
MEM 288.011719 1660495436.7377
CHLD 0 109.761719 1660495436.7407
CHLD 1 40.882812 1660495436.7407
CHLD 2 66.855469 1660495436.7407
MEM 288.003906 1660495436.8500
CHLD 0 109.761719 1660495436.8529
CHLD 1 40.882812 1660495436.8539
CHLD 2 66.855469 1660495436.8539
MEM 288.003906 1660495436.9720
CHLD 0 109.761719 1660495436.9758
CHLD 1 40.882812 1660495436.9758
CHLD 2 66.855469 1660495436.9758
MEM 288.003906 1660495437.0838
CHLD 0 109.761719 1660495437.0870
CHLD 1 40.882812 1660495437.0870
CHLD 2 66.855469 1660495437.0870
MEM 288.003906 1660495437.1938
CHLD 0 109.761719 1660495437.1977
CHLD 1 40.882812 1660495437.1977
CHLD 2 66.855469 1660495437.1977
MEM 288.003906 1660495437.3096
CHLD 0 109.761719 1660495437.3146
CHLD 1 40.882812 1660495437.3146
CHLD 2 66.855469 1660495437.3146
MEM 288.003906 1660495437.4312
CHLD 0 109.761719 1660495437.4342
CHLD 1 40.882812 1660495437.4342
CHLD 2 66.855469 1660495437.4342
MEM 288.003906 1660495437.5547
CHLD 0 109.761719 1660495437.5577
CHLD 1 40.882812 1660495437.5577
CHLD 2 66.855469 1660495437.5577
MEM 288.003906 1660495437.6618
CHLD 0 109.761719 1660495437.6658
CHLD 1 40.882812 1660495437.6658
CHLD 2 66.855469 1660495437.6658
MEM 288.003906 1660495437.7747
CHLD 0 109.761719 1660495437.7777
CHLD 1 40.882812 1660495437.7777
CHLD 2 66.855469 1660495437.7777
MEM 287.992188 1660495437.9014
CHLD 0 109.750000 1660495437.9048
CHLD 1 40.882812 1660495437.9048
CHLD 2 66.855469 1660495437.9048
MEM 287.996094 1660495438.0229
CHLD 0 109.750000 1660495438.0269
CHLD 1 40.882812 1660495438.0269
CHLD 2 66.855469 1660495438.0269
MEM 287.996094 1660495438.1351
CHLD 0 109.750000 1660495438.1371
CHLD 1 40.882812 1660495438.1371
CHLD 2 66.855469 1660495438.1371
MEM 287.996094 1660495438.2557
CHLD 0 109.750000 1660495438.2587
CHLD 1 40.882812 1660495438.2587
CHLD 2 66.855469 1660495438.2587
MEM 287.996094 1660495438.3667
CHLD 0 109.750000 1660495438.3697
CHLD 1 40.882812 1660495438.3697
CHLD 2 66.855469 1660495438.3697
MEM 287.996094 1660495438.4831
CHLD 0 109.750000 1660495438.4871
CHLD 1 40.882812 1660495438.4871
CHLD 2 66.855469 1660495438.4871
MEM 287.996094 1660495438.6078
CHLD 0 109.750000 1660495438.6118
CHLD 1 40.882812 1660495438.6118
CHLD 2 66.855469 1660495438.6118
MEM 287.980469 1660495438.7302
CHLD 0 109.742188 1660495438.7342
CHLD 1 40.882812 1660495438.7342
CHLD 2 66.855469 1660495438.7342
MEM 287.980469 1660495438.8557
CHLD 0 109.742188 1660495438.8607
CHLD 1 40.882812 1660495438.8607
CHLD 2 66.855469 1660495438.8607
MEM 287.980469 1660495438.9768
CHLD 0 109.742188 1660495438.9798
CHLD 1 40.882812 1660495438.9798
CHLD 2 66.855469 1660495438.9798
MEM 287.980469 1660495439.0858
CHLD 0 109.742188 1660495439.0886
CHLD 1 40.882812 1660495439.0886
CHLD 2 66.855469 1660495439.0886
MEM 287.980469 1660495439.1980
CHLD 0 109.742188 1660495439.2016
CHLD 1 40.882812 1660495439.2016
CHLD 2 66.855469 1660495439.2016
MEM 288.007812 1660495439.3060
CHLD 0 109.742188 1660495439.3099
CHLD 1 40.882812 1660495439.3099
CHLD 2 66.894531 1660495439.3099
MEM 288.070312 1660495439.4167
CHLD 0 109.742188 1660495439.4207
CHLD 1 40.882812 1660495439.4207
CHLD 2 66.937500 1660495439.4207
MEM 288.070312 1660495439.5278
CHLD 0 109.742188 1660495439.5308
CHLD 1 40.882812 1660495439.5308
CHLD 2 66.937500 1660495439.5308
MEM 288.070312 1660495439.6378
CHLD 0 109.742188 1660495439.6407
CHLD 1 40.882812 1660495439.6407
CHLD 2 66.937500 1660495439.6407
MEM 288.070312 1660495439.7466
CHLD 0 109.742188 1660495439.7507
CHLD 1 40.882812 1660495439.7507
CHLD 2 66.937500 1660495439.7507
MEM 288.070312 1660495439.8540
CHLD 0 109.742188 1660495439.8568
CHLD 1 40.882812 1660495439.8568
CHLD 2 66.937500 1660495439.8568
MEM 288.070312 1660495439.9679
CHLD 0 109.742188 1660495439.9709
CHLD 1 40.882812 1660495439.9709
CHLD 2 66.937500 1660495439.9709
MEM 288.070312 1660495440.0759
CHLD 0 109.742188 1660495440.0789
CHLD 1 40.882812 1660495440.0789
CHLD 2 66.937500 1660495440.0789
MEM 288.070312 1660495440.1844
CHLD 0 109.742188 1660495440.1874
CHLD 1 40.882812 1660495440.1874
CHLD 2 66.937500 1660495440.1874
MEM 288.070312 1660495440.2983
CHLD 0 109.742188 1660495440.3033
CHLD 1 40.882812 1660495440.3033
CHLD 2 66.937500 1660495440.3033
MEM 288.070312 1660495440.4192
CHLD 0 109.742188 1660495440.4212
CHLD 1 40.882812 1660495440.4212
CHLD 2 66.937500 1660495440.4212
MEM 288.070312 1660495440.5458
CHLD 0 109.742188 1660495440.5498
CHLD 1 40.882812 1660495440.5498
CHLD 2 66.937500 1660495440.5498
MEM 288.070312 1660495440.6695
CHLD 0 109.742188 1660495440.6745
CHLD 1 40.882812 1660495440.6745
CHLD 2 66.937500 1660495440.6745
MEM 288.070312 1660495440.7931
CHLD 0 109.742188 1660495440.7971
CHLD 1 40.882812 1660495440.7971
CHLD 2 66.937500 1660495440.7971
MEM 288.070312 1660495440.9189
CHLD 0 109.742188 1660495440.9240
CHLD 1 40.882812 1660495440.9240
CHLD 2 66.937500 1660495440.9240
MEM 288.070312 1660495441.0433
CHLD 0 109.742188 1660495441.0483
CHLD 1 40.882812 1660495441.0483
CHLD 2 66.937500 1660495441.0483
MEM 288.070312 1660495441.1686
CHLD 0 109.742188 1660495441.1716
CHLD 1 40.882812 1660495441.1716
CHLD 2 66.937500 1660495441.1726
MEM 288.070312 1660495441.2934
CHLD 0 109.742188 1660495441.2974
CHLD 1 40.882812 1660495441.2974
CHLD 2 66.937500 1660495441.2974
MEM 288.070312 1660495441.4156
CHLD 0 109.742188 1660495441.4196
CHLD 1 40.882812 1660495441.4196
CHLD 2 66.937500 1660495441.4196
MEM 288.070312 1660495441.5357
CHLD 0 109.742188 1660495441.5387
CHLD 1 40.882812 1660495441.5387
CHLD 2 66.937500 1660495441.5387
MEM 288.070312 1660495441.6628
CHLD 0 109.742188 1660495441.6668
CHLD 1 40.882812 1660495441.6668
CHLD 2 66.937500 1660495441.6668
MEM 288.070312 1660495441.7845
CHLD 0 109.742188 1660495441.7875
CHLD 1 40.882812 1660495441.7875
CHLD 2 66.937500 1660495441.7875
MEM 288.070312 1660495441.9121
CHLD 0 109.742188 1660495441.9171
CHLD 1 40.882812 1660495441.9171
CHLD 2 66.937500 1660495441.9171
MEM 288.070312 1660495442.0327
CHLD 0 109.742188 1660495442.0357
CHLD 1 40.882812 1660495442.0357
CHLD 2 66.937500 1660495442.0357
MEM 288.070312 1660495442.1602
CHLD 0 109.742188 1660495442.1642
CHLD 1 40.882812 1660495442.1642
CHLD 2 66.937500 1660495442.1642
MEM 288.070312 1660495442.2848
CHLD 0 109.742188 1660495442.2878
CHLD 1 40.882812 1660495442.2878
CHLD 2 66.937500 1660495442.2878
MEM 288.070312 1660495442.3991
CHLD 0 109.742188 1660495442.4041
CHLD 1 40.882812 1660495442.4041
CHLD 2 66.937500 1660495442.4041
MEM 288.070312 1660495442.5236
CHLD 0 109.742188 1660495442.5276
CHLD 1 40.882812 1660495442.5276
CHLD 2 66.937500 1660495442.5276
MEM 288.070312 1660495442.6467
CHLD 0 109.742188 1660495442.6508
CHLD 1 40.882812 1660495442.6508
CHLD 2 66.937500 1660495442.6508
MEM 288.070312 1660495442.7713
CHLD 0 109.742188 1660495442.7753
CHLD 1 40.882812 1660495442.7753
CHLD 2 66.937500 1660495442.7753
MEM 288.066406 1660495442.8962
CHLD 0 109.742188 1660495442.9002
CHLD 1 40.882812 1660495442.9002
CHLD 2 66.937500 1660495442.9002
MEM 288.070312 1660495443.0179
CHLD 0 109.742188 1660495443.0209
CHLD 1 40.882812 1660495443.0209
CHLD 2 66.937500 1660495443.0209
MEM 288.070312 1660495443.1432
CHLD 0 109.742188 1660495443.1482
CHLD 1 40.882812 1660495443.1482
CHLD 2 66.937500 1660495443.1482
MEM 288.070312 1660495443.2676
CHLD 0 109.742188 1660495443.2716
CHLD 1 40.882812 1660495443.2716
CHLD 2 66.937500 1660495443.2716
MEM 288.070312 1660495443.3880
CHLD 0 109.742188 1660495443.3910
CHLD 1 40.882812 1660495443.3910
CHLD 2 66.937500 1660495443.3910
MEM 288.070312 1660495443.5167
CHLD 0 109.742188 1660495443.5217
CHLD 1 40.882812 1660495443.5217
CHLD 2 66.937500 1660495443.5217
MEM 288.015625 1660495443.6378
CHLD 0 109.742188 1660495443.6408
CHLD 1 40.828125 1660495443.6408
CHLD 2 66.937500 1660495443.6408
MEM 287.984375 1660495443.7613
CHLD 0 109.738281 1660495443.7643
CHLD 1 40.859375 1660495443.7643
CHLD 2 66.878906 1660495443.7643
MEM 287.984375 1660495443.8755
CHLD 0 109.738281 1660495443.8805
CHLD 1 40.859375 1660495443.8805
CHLD 2 66.878906 1660495443.8805
MEM 287.984375 1660495444.0020
CHLD 0 109.738281 1660495444.0060
CHLD 1 40.859375 1660495444.0060
CHLD 2 66.878906 1660495444.0060
MEM 287.984375 1660495444.1256
CHLD 0 109.738281 1660495444.1295
CHLD 1 40.859375 1660495444.1295
CHLD 2 66.878906 1660495444.1295
MEM 287.984375 1660495444.2474
CHLD 0 109.738281 1660495444.2504
CHLD 1 40.859375 1660495444.2504
CHLD 2 66.878906 1660495444.2504
MEM 287.984375 1660495444.3715
CHLD 0 109.738281 1660495444.3756
CHLD 1 40.859375 1660495444.3756
CHLD 2 66.878906 1660495444.3756
MEM 287.984375 1660495444.4937
CHLD 0 109.738281 1660495444.4967
CHLD 1 40.859375 1660495444.4967
CHLD 2 66.878906 1660495444.4967
MEM 287.984375 1660495444.6202
CHLD 0 109.738281 1660495444.6242
CHLD 1 40.859375 1660495444.6242
CHLD 2 66.878906 1660495444.6242
MEM 287.984375 1660495444.7413
CHLD 0 109.738281 1660495444.7443
CHLD 1 40.859375 1660495444.7443
CHLD 2 66.878906 1660495444.7443
MEM 287.984375 1660495444.8546
CHLD 0 109.738281 1660495444.8596
CHLD 1 40.859375 1660495444.8596
CHLD 2 66.878906 1660495444.8596
MEM 287.988281 1660495444.9782
CHLD 0 109.738281 1660495444.9822
CHLD 1 40.859375 1660495444.9822
CHLD 2 66.878906 1660495444.9822
MEM 287.988281 1660495445.1007
CHLD 0 109.738281 1660495445.1037
CHLD 1 40.859375 1660495445.1037
CHLD 2 66.878906 1660495445.1037
MEM 287.988281 1660495445.2105
CHLD 0 109.738281 1660495445.2126
CHLD 1 40.859375 1660495445.2126
CHLD 2 66.878906 1660495445.2126
MEM 287.988281 1660495445.3250
CHLD 0 109.738281 1660495445.3290
CHLD 1 40.859375 1660495445.3290
CHLD 2 66.878906 1660495445.3290
MEM 287.988281 1660495445.4467
CHLD 0 109.738281 1660495445.4497
CHLD 1 40.859375 1660495445.4497
CHLD 2 66.878906 1660495445.4497
MEM 287.988281 1660495445.5752
CHLD 0 109.738281 1660495445.5792
CHLD 1 40.859375 1660495445.5792
CHLD 2 66.878906 1660495445.5792
MEM 287.988281 1660495445.6993
CHLD 0 109.738281 1660495445.7033
CHLD 1 40.859375 1660495445.7033
CHLD 2 66.878906 1660495445.7033
MEM 287.988281 1660495445.8233
CHLD 0 109.738281 1660495445.8273
CHLD 1 40.859375 1660495445.8273
CHLD 2 66.878906 1660495445.8273
MEM 287.957031 1660495445.9480
CHLD 0 109.738281 1660495445.9520
CHLD 1 40.859375 1660495445.9520
CHLD 2 66.878906 1660495445.9520
MEM 287.957031 1660495446.0693
CHLD 0 109.738281 1660495446.0723
CHLD 1 40.859375 1660495446.0723
CHLD 2 66.878906 1660495446.0723
MEM 287.957031 1660495446.1827
CHLD 0 109.738281 1660495446.1867
CHLD 1 40.859375 1660495446.1867
CHLD 2 66.878906 1660495446.1867
MEM 287.957031 1660495446.3061
CHLD 0 109.738281 1660495446.3101
CHLD 1 40.859375 1660495446.3101
CHLD 2 66.878906 1660495446.3101
MEM 287.957031 1660495446.4312
CHLD 0 109.738281 1660495446.4352
CHLD 1 40.859375 1660495446.4352
CHLD 2 66.878906 1660495446.4352
MEM 287.957031 1660495446.5515
CHLD 0 109.738281 1660495446.5545
CHLD 1 40.859375 1660495446.5545
CHLD 2 66.878906 1660495446.5545
MEM 287.953125 1660495446.6629
CHLD 0 109.738281 1660495446.6659
CHLD 1 40.855469 1660495446.6659
CHLD 2 66.878906 1660495446.6659
MEM 287.953125 1660495446.7862
CHLD 0 109.738281 1660495446.7892
CHLD 1 40.855469 1660495446.7892
CHLD 2 66.878906 1660495446.7892
MEM 287.953125 1660495446.9102
CHLD 0 109.738281 1660495446.9132
CHLD 1 40.855469 1660495446.9132
CHLD 2 66.878906 1660495446.9132
MEM 287.953125 1660495447.0379
CHLD 0 109.738281 1660495447.0429
CHLD 1 40.855469 1660495447.0429
CHLD 2 66.878906 1660495447.0429
MEM 287.953125 1660495447.1623
CHLD 0 109.738281 1660495447.1663
CHLD 1 40.855469 1660495447.1663
CHLD 2 66.878906 1660495447.1663
MEM 287.953125 1660495447.2830
CHLD 0 109.738281 1660495447.2850
CHLD 1 40.855469 1660495447.2850
CHLD 2 66.878906 1660495447.2850
MEM 287.953125 1660495447.3953
CHLD 0 109.738281 1660495447.4003
CHLD 1 40.855469 1660495447.4003
CHLD 2 66.878906 1660495447.4003
MEM 287.953125 1660495447.5195
CHLD 0 109.738281 1660495447.5235
CHLD 1 40.855469 1660495447.5235
CHLD 2 66.878906 1660495447.5235
MEM 287.953125 1660495447.6386
CHLD 0 109.738281 1660495447.6416
CHLD 1 40.855469 1660495447.6416
CHLD 2 66.878906 1660495447.6416
MEM 287.953125 1660495447.7667
CHLD 0 109.738281 1660495447.7707
CHLD 1 40.855469 1660495447.7707
CHLD 2 66.878906 1660495447.7707
MEM 287.953125 1660495447.8888
CHLD 0 109.738281 1660495447.8938
CHLD 1 40.855469 1660495447.8938
CHLD 2 66.878906 1660495447.8938
MEM 287.953125 1660495448.0077
CHLD 0 109.738281 1660495448.0107
CHLD 1 40.855469 1660495448.0107
CHLD 2 66.878906 1660495448.0107
MEM 287.953125 1660495448.1309
CHLD 0 109.738281 1660495448.1329
CHLD 1 40.855469 1660495448.1339
CHLD 2 66.878906 1660495448.1339
MEM 287.953125 1660495448.2588
CHLD 0 109.738281 1660495448.2638
CHLD 1 40.855469 1660495448.2638
CHLD 2 66.878906 1660495448.2638
MEM 287.953125 1660495448.3782
CHLD 0 109.738281 1660495448.3812
CHLD 1 40.855469 1660495448.3812
CHLD 2 66.878906 1660495448.3812
MEM 287.953125 1660495448.5056
CHLD 0 109.738281 1660495448.5096
CHLD 1 40.855469 1660495448.5096
CHLD 2 66.878906 1660495448.5096
MEM 287.953125 1660495448.6301
CHLD 0 109.738281 1660495448.6341
CHLD 1 40.855469 1660495448.6341
CHLD 2 66.878906 1660495448.6341
MEM 287.953125 1660495448.7544
CHLD 0 109.738281 1660495448.7584
CHLD 1 40.855469 1660495448.7584
CHLD 2 66.878906 1660495448.7584
MEM 287.953125 1660495448.8795
CHLD 0 109.738281 1660495448.8845
CHLD 1 40.855469 1660495448.8845
CHLD 2 66.878906 1660495448.8845
MEM 287.953125 1660495449.0065
CHLD 0 109.738281 1660495449.0105
CHLD 1 40.855469 1660495449.0105
CHLD 2 66.878906 1660495449.0105
MEM 287.953125 1660495449.1290
CHLD 0 109.738281 1660495449.1330
CHLD 1 40.855469 1660495449.1330
CHLD 2 66.878906 1660495449.1330
MEM 287.953125 1660495449.2533
CHLD 0 109.738281 1660495449.2573
CHLD 1 40.855469 1660495449.2573
CHLD 2 66.878906 1660495449.2573
MEM 287.953125 1660495449.3768
CHLD 0 109.738281 1660495449.3818
CHLD 1 40.855469 1660495449.3818
CHLD 2 66.878906 1660495449.3818
MEM 287.953125 1660495449.5024
CHLD 0 109.738281 1660495449.5054
CHLD 1 40.855469 1660495449.5054
CHLD 2 66.878906 1660495449.5054
MEM 287.953125 1660495449.6307
CHLD 0 109.738281 1660495449.6347
CHLD 1 40.855469 1660495449.6347
CHLD 2 66.878906 1660495449.6347
MEM 287.949219 1660495449.7511
CHLD 0 109.738281 1660495449.7541
CHLD 1 40.851562 1660495449.7541
CHLD 2 66.878906 1660495449.7541
MEM 287.949219 1660495449.8785
CHLD 0 109.738281 1660495449.8835
CHLD 1 40.851562 1660495449.8835
CHLD 2 66.878906 1660495449.8835
MEM 287.949219 1660495450.0020
CHLD 0 109.738281 1660495450.0070
CHLD 1 40.851562 1660495450.0070
CHLD 2 66.878906 1660495450.0070
MEM 287.949219 1660495450.1258
CHLD 0 109.738281 1660495450.1308
CHLD 1 40.851562 1660495450.1308
CHLD 2 66.878906 1660495450.1308
MEM 287.949219 1660495450.2476
CHLD 0 109.738281 1660495450.2506
CHLD 1 40.851562 1660495450.2506
CHLD 2 66.878906 1660495450.2506
MEM 287.949219 1660495450.3751
CHLD 0 109.738281 1660495450.3791
CHLD 1 40.851562 1660495450.3791
CHLD 2 66.878906 1660495450.3791
MEM 287.949219 1660495450.4965
CHLD 0 109.738281 1660495450.4995
CHLD 1 40.851562 1660495450.4995
CHLD 2 66.878906 1660495450.4995
MEM 287.949219 1660495450.6116
CHLD 0 109.738281 1660495450.6166
CHLD 1 40.851562 1660495450.6166
CHLD 2 66.878906 1660495450.6166
MEM 287.781250 1660495450.7344
CHLD 0 109.570312 1660495450.7374
CHLD 1 40.851562 1660495450.7374
CHLD 2 66.878906 1660495450.7374
MEM 287.781250 1660495450.8628
CHLD 0 109.570312 1660495450.8668
CHLD 1 40.851562 1660495450.8668
CHLD 2 66.878906 1660495450.8668
MEM 287.781250 1660495450.9819
CHLD 0 109.570312 1660495450.9849
CHLD 1 40.851562 1660495450.9849
CHLD 2 66.878906 1660495450.9849
MEM 287.781250 1660495451.1099
CHLD 0 109.570312 1660495451.1149
CHLD 1 40.851562 1660495451.1149
CHLD 2 66.878906 1660495451.1149
MEM 287.781250 1660495451.2338
CHLD 0 109.570312 1660495451.2388
CHLD 1 40.851562 1660495451.2388
CHLD 2 66.878906 1660495451.2388
MEM 287.781250 1660495451.3540
CHLD 0 109.570312 1660495451.3560
CHLD 1 40.851562 1660495451.3560
CHLD 2 66.878906 1660495451.3560
MEM 287.781250 1660495451.4765
CHLD 0 109.570312 1660495451.4795
CHLD 1 40.851562 1660495451.4795
CHLD 2 66.878906 1660495451.4795
MEM 287.781250 1660495451.6005
CHLD 0 109.570312 1660495451.6035
CHLD 1 40.851562 1660495451.6035
CHLD 2 66.878906 1660495451.6035
MEM 287.781250 1660495451.7290
CHLD 0 109.570312 1660495451.7340
CHLD 1 40.851562 1660495451.7340
CHLD 2 66.878906 1660495451.7340
MEM 287.781250 1660495451.8495
CHLD 0 109.570312 1660495451.8525
CHLD 1 40.851562 1660495451.8525
CHLD 2 66.878906 1660495451.8525
MEM 287.781250 1660495451.9770
CHLD 0 109.570312 1660495451.9820
CHLD 1 40.851562 1660495451.9820
CHLD 2 66.878906 1660495451.9820
MEM 287.781250 1660495452.1008
CHLD 0 109.570312 1660495452.1058
CHLD 1 40.851562 1660495452.1058
CHLD 2 66.878906 1660495452.1058
MEM 287.781250 1660495452.2266
CHLD 0 109.570312 1660495452.2316
CHLD 1 40.851562 1660495452.2316
CHLD 2 66.878906 1660495452.2316
MEM 287.781250 1660495452.3510
CHLD 0 109.570312 1660495452.3560
CHLD 1 40.851562 1660495452.3560
CHLD 2 66.878906 1660495452.3560
MEM 287.781250 1660495452.4747
CHLD 0 109.570312 1660495452.4787
CHLD 1 40.851562 1660495452.4787
CHLD 2 66.878906 1660495452.4787
MEM 287.781250 1660495452.5944
CHLD 0 109.570312 1660495452.5974
CHLD 1 40.851562 1660495452.5974
CHLD 2 66.878906 1660495452.5974
MEM 287.781250 1660495452.7081
CHLD 0 109.570312 1660495452.7120
CHLD 1 40.851562 1660495452.7120
CHLD 2 66.878906 1660495452.7120
MEM 287.781250 1660495452.8331
CHLD 0 109.570312 1660495452.8371
CHLD 1 40.851562 1660495452.8381
CHLD 2 66.878906 1660495452.8381
MEM 287.781250 1660495452.9515
CHLD 0 109.570312 1660495452.9545
CHLD 1 40.851562 1660495452.9545
CHLD 2 66.878906 1660495452.9545
MEM 287.781250 1660495453.0759
CHLD 0 109.570312 1660495453.0789
CHLD 1 40.851562 1660495453.0789
CHLD 2 66.878906 1660495453.0789
MEM 287.781250 1660495453.2025
CHLD 0 109.570312 1660495453.2065
CHLD 1 40.851562 1660495453.2065
CHLD 2 66.878906 1660495453.2065
MEM 287.781250 1660495453.3254
CHLD 0 109.570312 1660495453.3294
CHLD 1 40.851562 1660495453.3294
CHLD 2 66.878906 1660495453.3294
MEM 287.781250 1660495453.4495
CHLD 0 109.570312 1660495453.4535
CHLD 1 40.851562 1660495453.4535
CHLD 2 66.878906 1660495453.4535
MEM 287.781250 1660495453.5733
CHLD 0 109.570312 1660495453.5773
CHLD 1 40.851562 1660495453.5783
CHLD 2 66.878906 1660495453.5783
MEM 287.781250 1660495453.6928
CHLD 0 109.570312 1660495453.6958
CHLD 1 40.851562 1660495453.6958
CHLD 2 66.878906 1660495453.6958
MEM 287.792969 1660495453.8212
CHLD 0 109.582031 1660495453.8252
CHLD 1 40.851562 1660495453.8252
CHLD 2 66.878906 1660495453.8252
MEM 287.769531 1660495453.9442
CHLD 0 109.558594 1660495453.9482
CHLD 1 40.851562 1660495453.9482
CHLD 2 66.878906 1660495453.9482
MEM 287.769531 1660495454.0684
CHLD 0 109.558594 1660495454.0724
CHLD 1 40.851562 1660495454.0724
CHLD 2 66.878906 1660495454.0724
MEM 287.769531 1660495454.1907
CHLD 0 109.558594 1660495454.1947
CHLD 1 40.851562 1660495454.1947
CHLD 2 66.878906 1660495454.1947
MEM 287.769531 1660495454.3128
CHLD 0 109.558594 1660495454.3148
CHLD 1 40.851562 1660495454.3148
CHLD 2 66.878906 1660495454.3148
MEM 287.769531 1660495454.4254
CHLD 0 109.558594 1660495454.4304
CHLD 1 40.851562 1660495454.4304
CHLD 2 66.878906 1660495454.4304
MEM 287.769531 1660495454.5477
CHLD 0 109.558594 1660495454.5517
CHLD 1 40.851562 1660495454.5517
CHLD 2 66.878906 1660495454.5517
MEM 287.769531 1660495454.6711
CHLD 0 109.558594 1660495454.6751
CHLD 1 40.851562 1660495454.6751
CHLD 2 66.878906 1660495454.6751
MEM 287.839844 1660495454.7934
CHLD 0 109.558594 1660495454.7974
CHLD 1 40.921875 1660495454.7974
CHLD 2 66.878906 1660495454.7974
MEM 287.839844 1660495454.9191
CHLD 0 109.558594 1660495454.9231
CHLD 1 40.921875 1660495454.9231
CHLD 2 66.878906 1660495454.9231
MEM 287.839844 1660495455.0399
CHLD 0 109.558594 1660495455.0429
CHLD 1 40.921875 1660495455.0429
CHLD 2 66.878906 1660495455.0429
MEM 287.839844 1660495455.1538
CHLD 0 109.558594 1660495455.1578
CHLD 1 40.921875 1660495455.1578
CHLD 2 66.878906 1660495455.1578
MEM 287.839844 1660495455.2795
CHLD 0 109.558594 1660495455.2835
CHLD 1 40.921875 1660495455.2835
CHLD 2 66.878906 1660495455.2835
MEM 287.839844 1660495455.4062
CHLD 0 109.558594 1660495455.4102
CHLD 1 40.921875 1660495455.4102
CHLD 2 66.878906 1660495455.4102
MEM 287.687500 1660495455.5304
CHLD 0 109.558594 1660495455.5344
CHLD 1 40.921875 1660495455.5344
CHLD 2 66.726562 1660495455.5344
MEM 287.687500 1660495455.6552
CHLD 0 109.558594 1660495455.6592
CHLD 1 40.921875 1660495455.6592
CHLD 2 66.726562 1660495455.6592
MEM 287.687500 1660495455.7747
CHLD 0 109.558594 1660495455.7777
CHLD 1 40.921875 1660495455.7777
CHLD 2 66.726562 1660495455.7777
MEM 287.687500 1660495455.9000
CHLD 0 109.558594 1660495455.9020
CHLD 1 40.921875 1660495455.9020
CHLD 2 66.726562 1660495455.9020
MEM 287.687500 1660495456.0092
CHLD 0 109.558594 1660495456.0122
CHLD 1 40.921875 1660495456.0122
CHLD 2 66.726562 1660495456.0122
MEM 287.687500 1660495456.1371
CHLD 0 109.558594 1660495456.1421
CHLD 1 40.921875 1660495456.1421
CHLD 2 66.726562 1660495456.1421
MEM 287.687500 1660495456.2620
CHLD 0 109.558594 1660495456.2660
CHLD 1 40.921875 1660495456.2660
CHLD 2 66.726562 1660495456.2660
MEM 287.687500 1660495456.3813
CHLD 0 109.558594 1660495456.3843
CHLD 1 40.921875 1660495456.3843
CHLD 2 66.726562 1660495456.3843
MEM 287.687500 1660495456.5043
CHLD 0 109.558594 1660495456.5073
CHLD 1 40.921875 1660495456.5073
CHLD 2 66.726562 1660495456.5073
MEM 287.687500 1660495456.6175
CHLD 0 109.558594 1660495456.6215
CHLD 1 40.921875 1660495456.6215
CHLD 2 66.726562 1660495456.6215
MEM 287.687500 1660495456.7378
CHLD 0 109.558594 1660495456.7398
CHLD 1 40.921875 1660495456.7398
CHLD 2 66.726562 1660495456.7398
MEM 287.687500 1660495456.8631
CHLD 0 109.558594 1660495456.8681
CHLD 1 40.921875 1660495456.8681
CHLD 2 66.726562 1660495456.8681
MEM 287.687500 1660495456.9923
CHLD 0 109.558594 1660495456.9963
CHLD 1 40.921875 1660495456.9963
CHLD 2 66.726562 1660495456.9963
MEM 287.687500 1660495457.1146
CHLD 0 109.558594 1660495457.1176
CHLD 1 40.921875 1660495457.1176
CHLD 2 66.726562 1660495457.1176
MEM 287.687500 1660495457.2413
CHLD 0 109.558594 1660495457.2453
CHLD 1 40.921875 1660495457.2453
CHLD 2 66.726562 1660495457.2453
MEM 287.687500 1660495457.3617
CHLD 0 109.558594 1660495457.3637
CHLD 1 40.921875 1660495457.3637
CHLD 2 66.726562 1660495457.3647
MEM 287.687500 1660495457.4754
CHLD 0 109.558594 1660495457.4794
CHLD 1 40.921875 1660495457.4794
CHLD 2 66.726562 1660495457.4794
MEM 287.687500 1660495457.6028
CHLD 0 109.558594 1660495457.6068
CHLD 1 40.921875 1660495457.6068
CHLD 2 66.726562 1660495457.6068
MEM 287.687500 1660495457.7263
CHLD 0 109.558594 1660495457.7303
CHLD 1 40.921875 1660495457.7303
CHLD 2 66.726562 1660495457.7303
MEM 287.632812 1660495457.8499
CHLD 0 109.558594 1660495457.8549
CHLD 1 40.867188 1660495457.8549
CHLD 2 66.726562 1660495457.8549
MEM 287.636719 1660495457.9744
CHLD 0 109.558594 1660495457.9785
CHLD 1 40.867188 1660495457.9785
CHLD 2 66.726562 1660495457.9785
MEM 287.636719 1660495458.0989
CHLD 0 109.558594 1660495458.1039
CHLD 1 40.867188 1660495458.1039
CHLD 2 66.726562 1660495458.1039
MEM 287.636719 1660495458.2194
CHLD 0 109.558594 1660495458.2224
CHLD 1 40.867188 1660495458.2224
CHLD 2 66.726562 1660495458.2224
MEM 287.636719 1660495458.3285
CHLD 0 109.558594 1660495458.3315
CHLD 1 40.867188 1660495458.3315
CHLD 2 66.726562 1660495458.3315
MEM 287.636719 1660495458.4517
CHLD 0 109.558594 1660495458.4546
CHLD 1 40.867188 1660495458.4546
CHLD 2 66.726562 1660495458.4546
MEM 287.636719 1660495458.5790
CHLD 0 109.558594 1660495458.5840
CHLD 1 40.867188 1660495458.5840
CHLD 2 66.726562 1660495458.5840
MEM 287.636719 1660495458.7052
CHLD 0 109.558594 1660495458.7102
CHLD 1 40.867188 1660495458.7102
CHLD 2 66.726562 1660495458.7102
MEM 287.636719 1660495458.8298
CHLD 0 109.558594 1660495458.8348
CHLD 1 40.867188 1660495458.8348
CHLD 2 66.726562 1660495458.8348
MEM 287.636719 1660495458.9497
CHLD 0 109.558594 1660495458.9527
CHLD 1 40.867188 1660495458.9527
CHLD 2 66.726562 1660495458.9527
MEM 287.636719 1660495459.0764
CHLD 0 109.558594 1660495459.0804
CHLD 1 40.867188 1660495459.0804
CHLD 2 66.726562 1660495459.0804
MEM 287.636719 1660495459.2006
CHLD 0 109.558594 1660495459.2046
CHLD 1 40.867188 1660495459.2046
CHLD 2 66.726562 1660495459.2046
MEM 287.636719 1660495459.3253
CHLD 0 109.558594 1660495459.3293
CHLD 1 40.867188 1660495459.3293
CHLD 2 66.726562 1660495459.3293
MEM 287.636719 1660495459.4452
CHLD 0 109.558594 1660495459.4482
CHLD 1 40.867188 1660495459.4482
CHLD 2 66.726562 1660495459.4482
MEM 287.636719 1660495459.5599
CHLD 0 109.558594 1660495459.5639
CHLD 1 40.867188 1660495459.5639
CHLD 2 66.726562 1660495459.5639
MEM 287.636719 1660495459.6811
CHLD 0 109.558594 1660495459.6841
CHLD 1 40.867188 1660495459.6841
CHLD 2 66.726562 1660495459.6841
MEM 287.636719 1660495459.7902
CHLD 0 109.558594 1660495459.7932
CHLD 1 40.867188 1660495459.7932
CHLD 2 66.726562 1660495459.7932
MEM 287.636719 1660495459.8980
CHLD 0 109.558594 1660495459.9010
CHLD 1 40.867188 1660495459.9010
CHLD 2 66.726562 1660495459.9010
MEM 287.636719 1660495460.0114
CHLD 0 109.558594 1660495460.0164
CHLD 1 40.867188 1660495460.0164
CHLD 2 66.726562 1660495460.0164
MEM 287.636719 1660495460.1359
CHLD 0 109.558594 1660495460.1399
CHLD 1 40.867188 1660495460.1399
CHLD 2 66.726562 1660495460.1399
MEM 287.636719 1660495460.2584
CHLD 0 109.558594 1660495460.2624
CHLD 1 40.867188 1660495460.2624
CHLD 2 66.726562 1660495460.2624
MEM 287.636719 1660495460.3838
CHLD 0 109.558594 1660495460.3878
CHLD 1 40.867188 1660495460.3878
CHLD 2 66.726562 1660495460.3878
MEM 287.636719 1660495460.5072
CHLD 0 109.558594 1660495460.5112
CHLD 1 40.867188 1660495460.5112
CHLD 2 66.726562 1660495460.5112
MEM 287.636719 1660495460.6314
CHLD 0 109.558594 1660495460.6363
CHLD 1 40.867188 1660495460.6363
CHLD 2 66.726562 1660495460.6363
MEM 287.636719 1660495460.7554
CHLD 0 109.558594 1660495460.7594
CHLD 1 40.867188 1660495460.7594
CHLD 2 66.726562 1660495460.7594
MEM 287.636719 1660495460.8802
CHLD 0 109.558594 1660495460.8842
CHLD 1 40.867188 1660495460.8852
CHLD 2 66.726562 1660495460.8852
MEM 287.636719 1660495461.0045
CHLD 0 109.558594 1660495461.0085
CHLD 1 40.867188 1660495461.0085
CHLD 2 66.726562 1660495461.0085
MEM 287.636719 1660495461.1273
CHLD 0 109.558594 1660495461.1313
CHLD 1 40.867188 1660495461.1313
CHLD 2 66.726562 1660495461.1313
MEM 287.636719 1660495461.2500
CHLD 0 109.558594 1660495461.2530
CHLD 1 40.867188 1660495461.2530
CHLD 2 66.726562 1660495461.2530
MEM 287.636719 1660495461.3776
CHLD 0 109.558594 1660495461.3816
CHLD 1 40.867188 1660495461.3816
CHLD 2 66.726562 1660495461.3816
MEM 287.636719 1660495461.5002
CHLD 0 109.558594 1660495461.5032
CHLD 1 40.867188 1660495461.5032
CHLD 2 66.726562 1660495461.5032
MEM 287.636719 1660495461.6286
CHLD 0 109.558594 1660495461.6336
CHLD 1 40.867188 1660495461.6336
CHLD 2 66.726562 1660495461.6336
MEM 287.636719 1660495461.7486
CHLD 0 109.558594 1660495461.7516
CHLD 1 40.867188 1660495461.7516
CHLD 2 66.726562 1660495461.7516
MEM 287.636719 1660495461.8755
CHLD 0 109.558594 1660495461.8795
CHLD 1 40.867188 1660495461.8795
CHLD 2 66.726562 1660495461.8795
MEM 287.636719 1660495461.9975
CHLD 0 109.558594 1660495462.0025
CHLD 1 40.867188 1660495462.0025
CHLD 2 66.726562 1660495462.0025
MEM 287.636719 1660495462.1221
CHLD 0 109.558594 1660495462.1261
CHLD 1 40.867188 1660495462.1261
CHLD 2 66.726562 1660495462.1261
MEM 287.636719 1660495462.2448
CHLD 0 109.558594 1660495462.2498
CHLD 1 40.867188 1660495462.2498
CHLD 2 66.726562 1660495462.2498
MEM 287.636719 1660495462.3692
CHLD 0 109.558594 1660495462.3732
CHLD 1 40.867188 1660495462.3732
CHLD 2 66.726562 1660495462.3732
MEM 287.636719 1660495462.4931
CHLD 0 109.558594 1660495462.4961
CHLD 1 40.867188 1660495462.4961
CHLD 2 66.726562 1660495462.4961
MEM 287.636719 1660495462.6044
CHLD 0 109.558594 1660495462.6074
CHLD 1 40.867188 1660495462.6074
CHLD 2 66.726562 1660495462.6074
MEM 287.636719 1660495462.7286
CHLD 0 109.558594 1660495462.7316
CHLD 1 40.867188 1660495462.7316
CHLD 2 66.726562 1660495462.7316
MEM 287.636719 1660495462.8528
CHLD 0 109.558594 1660495462.8548
CHLD 1 40.867188 1660495462.8548
CHLD 2 66.726562 1660495462.8548
MEM 287.636719 1660495462.9791
CHLD 0 109.558594 1660495462.9831
CHLD 1 40.867188 1660495462.9831
CHLD 2 66.726562 1660495462.9831
MEM 287.636719 1660495463.0994
CHLD 0 109.558594 1660495463.1024
CHLD 1 40.867188 1660495463.1024
CHLD 2 66.726562 1660495463.1024
MEM 287.636719 1660495463.2127
CHLD 0 109.558594 1660495463.2167
CHLD 1 40.867188 1660495463.2167
CHLD 2 66.726562 1660495463.2167
MEM 287.636719 1660495463.3360
CHLD 0 109.558594 1660495463.3400
CHLD 1 40.867188 1660495463.3400
CHLD 2 66.726562 1660495463.3400
MEM 287.636719 1660495463.4584
CHLD 0 109.558594 1660495463.4624
CHLD 1 40.867188 1660495463.4624
CHLD 2 66.726562 1660495463.4624
MEM 287.636719 1660495463.5805
CHLD 0 109.558594 1660495463.5835
CHLD 1 40.867188 1660495463.5835
CHLD 2 66.726562 1660495463.5835
MEM 287.636719 1660495463.7060
CHLD 0 109.558594 1660495463.7080
CHLD 1 40.867188 1660495463.7080
CHLD 2 66.726562 1660495463.7080
MEM 287.636719 1660495463.8324
CHLD 0 109.558594 1660495463.8364
CHLD 1 40.867188 1660495463.8364
CHLD 2 66.726562 1660495463.8364
MEM 287.636719 1660495463.9535
CHLD 0 109.558594 1660495463.9565
CHLD 1 40.867188 1660495463.9565
CHLD 2 66.726562 1660495463.9565
MEM 287.636719 1660495464.0812
CHLD 0 109.558594 1660495464.0852
CHLD 1 40.867188 1660495464.0852
CHLD 2 66.726562 1660495464.0852
MEM 287.636719 1660495464.2021
CHLD 0 109.558594 1660495464.2051
CHLD 1 40.867188 1660495464.2051
CHLD 2 66.726562 1660495464.2051
MEM 287.636719 1660495464.3289
CHLD 0 109.558594 1660495464.3339
CHLD 1 40.867188 1660495464.3339
CHLD 2 66.726562 1660495464.3339
MEM 287.636719 1660495464.4541
CHLD 0 109.558594 1660495464.4581
CHLD 1 40.867188 1660495464.4581
CHLD 2 66.726562 1660495464.4581
MEM 287.636719 1660495464.5763
CHLD 0 109.558594 1660495464.5793
CHLD 1 40.867188 1660495464.5793
CHLD 2 66.726562 1660495464.5793
MEM 287.636719 1660495464.6901
CHLD 0 109.558594 1660495464.6951
CHLD 1 40.867188 1660495464.6951
CHLD 2 66.726562 1660495464.6951
MEM 287.636719 1660495464.8178
CHLD 0 109.558594 1660495464.8218
CHLD 1 40.867188 1660495464.8218
CHLD 2 66.726562 1660495464.8218
MEM 287.636719 1660495464.9421
CHLD 0 109.558594 1660495464.9461
CHLD 1 40.867188 1660495464.9461
CHLD 2 66.726562 1660495464.9461
MEM 287.636719 1660495465.0619
CHLD 0 109.558594 1660495465.0649
CHLD 1 40.867188 1660495465.0649
CHLD 2 66.726562 1660495465.0649
MEM 287.636719 1660495465.1754
CHLD 0 109.558594 1660495465.1794
CHLD 1 40.867188 1660495465.1794
CHLD 2 66.726562 1660495465.1794
MEM 287.636719 1660495465.3015
CHLD 0 109.558594 1660495465.3069
CHLD 1 40.867188 1660495465.3069
CHLD 2 66.726562 1660495465.3069
MEM 287.636719 1660495465.4270
CHLD 0 109.558594 1660495465.4310
CHLD 1 40.867188 1660495465.4310
CHLD 2 66.726562 1660495465.4310
MEM 287.636719 1660495465.5472
CHLD 0 109.558594 1660495465.5502
CHLD 1 40.867188 1660495465.5502
CHLD 2 66.726562 1660495465.5502
MEM 287.636719 1660495465.6754
CHLD 0 109.558594 1660495465.6794
CHLD 1 40.867188 1660495465.6794
CHLD 2 66.726562 1660495465.6794
MEM 287.636719 1660495465.7988
CHLD 0 109.558594 1660495465.8028
CHLD 1 40.867188 1660495465.8028
CHLD 2 66.726562 1660495465.8028
MEM 287.636719 1660495465.9211
CHLD 0 109.558594 1660495465.9251
CHLD 1 40.867188 1660495465.9251
CHLD 2 66.726562 1660495465.9251
MEM 287.636719 1660495466.0457
CHLD 0 109.558594 1660495466.0497
CHLD 1 40.867188 1660495466.0497
CHLD 2 66.726562 1660495466.0497
MEM 287.636719 1660495466.1678
CHLD 0 109.558594 1660495466.1708
CHLD 1 40.867188 1660495466.1708
CHLD 2 66.726562 1660495466.1708
MEM 287.636719 1660495466.2810
CHLD 0 109.558594 1660495466.2860
CHLD 1 40.867188 1660495466.2860
CHLD 2 66.726562 1660495466.2860
MEM 287.636719 1660495466.4049
CHLD 0 109.558594 1660495466.4089
CHLD 1 40.867188 1660495466.4089
CHLD 2 66.726562 1660495466.4089
MEM 287.636719 1660495466.5292
CHLD 0 109.558594 1660495466.5332
CHLD 1 40.867188 1660495466.5332
CHLD 2 66.726562 1660495466.5332
MEM 287.636719 1660495466.6494
CHLD 0 109.558594 1660495466.6524
CHLD 1 40.867188 1660495466.6524
CHLD 2 66.726562 1660495466.6524
MEM 287.636719 1660495466.7772
CHLD 0 109.558594 1660495466.7812
CHLD 1 40.867188 1660495466.7812
CHLD 2 66.726562 1660495466.7812
MEM 287.636719 1660495466.8985
CHLD 0 109.558594 1660495466.9015
CHLD 1 40.867188 1660495466.9015
CHLD 2 66.726562 1660495466.9015
MEM 287.636719 1660495467.0259
CHLD 0 109.558594 1660495467.0309
CHLD 1 40.867188 1660495467.0309
CHLD 2 66.726562 1660495467.0309
MEM 287.636719 1660495467.1498
CHLD 0 109.558594 1660495467.1548
CHLD 1 40.867188 1660495467.1548
CHLD 2 66.726562 1660495467.1548
MEM 287.636719 1660495467.2695
CHLD 0 109.558594 1660495467.2725
CHLD 1 40.867188 1660495467.2725
CHLD 2 66.726562 1660495467.2725
MEM 287.636719 1660495467.3973
CHLD 0 109.558594 1660495467.4013
CHLD 1 40.867188 1660495467.4013
CHLD 2 66.726562 1660495467.4013
MEM 287.636719 1660495467.5225
CHLD 0 109.558594 1660495467.5265
CHLD 1 40.867188 1660495467.5265
CHLD 2 66.726562 1660495467.5265
MEM 287.636719 1660495467.6425
CHLD 0 109.558594 1660495467.6455
CHLD 1 40.867188 1660495467.6455
CHLD 2 66.726562 1660495467.6455
MEM 287.636719 1660495467.7655
CHLD 0 109.558594 1660495467.7685
CHLD 1 40.867188 1660495467.7685
CHLD 2 66.726562 1660495467.7685
MEM 287.636719 1660495467.8893
CHLD 0 109.558594 1660495467.8923
CHLD 1 40.867188 1660495467.8923
CHLD 2 66.726562 1660495467.8923
MEM 287.636719 1660495468.0139
CHLD 0 109.558594 1660495468.0159
CHLD 1 40.867188 1660495468.0159
CHLD 2 66.726562 1660495468.0159
MEM 287.636719 1660495468.1426
CHLD 0 109.558594 1660495468.1460
CHLD 1 40.867188 1660495468.1460
CHLD 2 66.726562 1660495468.1460
MEM 287.636719 1660495468.2598
CHLD 0 109.558594 1660495468.2628
CHLD 1 40.867188 1660495468.2628
CHLD 2 66.726562 1660495468.2628
MEM 287.636719 1660495468.3719
CHLD 0 109.558594 1660495468.3749
CHLD 1 40.867188 1660495468.3749
CHLD 2 66.726562 1660495468.3749
MEM 287.636719 1660495468.4852
CHLD 0 109.558594 1660495468.4892
CHLD 1 40.867188 1660495468.4892
CHLD 2 66.726562 1660495468.4892
MEM 287.636719 1660495468.6096
CHLD 0 109.558594 1660495468.6146
CHLD 1 40.867188 1660495468.6146
CHLD 2 66.726562 1660495468.6146
MEM 287.636719 1660495468.7340
CHLD 0 109.558594 1660495468.7390
CHLD 1 40.867188 1660495468.7390
CHLD 2 66.726562 1660495468.7390
MEM 287.636719 1660495468.8588
CHLD 0 109.558594 1660495468.8638
CHLD 1 40.867188 1660495468.8638
CHLD 2 66.726562 1660495468.8638
MEM 287.636719 1660495468.9816
CHLD 0 109.558594 1660495468.9856
CHLD 1 40.867188 1660495468.9856
CHLD 2 66.726562 1660495468.9856
MEM 287.636719 1660495469.1060
CHLD 0 109.558594 1660495469.1100
CHLD 1 40.867188 1660495469.1100
CHLD 2 66.726562 1660495469.1100
MEM 287.636719 1660495469.2271
CHLD 0 109.558594 1660495469.2301
CHLD 1 40.867188 1660495469.2301
CHLD 2 66.726562 1660495469.2301
MEM 287.636719 1660495469.3403
CHLD 0 109.558594 1660495469.3443
CHLD 1 40.867188 1660495469.3443
CHLD 2 66.726562 1660495469.3443
MEM 287.636719 1660495469.4602
CHLD 0 109.558594 1660495469.4632
CHLD 1 40.867188 1660495469.4632
CHLD 2 66.726562 1660495469.4632
MEM 287.636719 1660495469.5744
CHLD 0 109.558594 1660495469.5784
CHLD 1 40.867188 1660495469.5784
CHLD 2 66.726562 1660495469.5784
MEM 287.636719 1660495469.7009
CHLD 0 109.558594 1660495469.7049
CHLD 1 40.867188 1660495469.7049
CHLD 2 66.726562 1660495469.7049
MEM 287.636719 1660495469.8261
CHLD 0 109.558594 1660495469.8301
CHLD 1 40.867188 1660495469.8301
CHLD 2 66.726562 1660495469.8301
MEM 287.636719 1660495469.9496
CHLD 0 109.558594 1660495469.9536
CHLD 1 40.867188 1660495469.9536
CHLD 2 66.726562 1660495469.9536
MEM 287.636719 1660495470.0745
CHLD 0 109.558594 1660495470.0795
CHLD 1 40.867188 1660495470.0795
CHLD 2 66.726562 1660495470.0795
MEM 287.636719 1660495470.1985
CHLD 0 109.558594 1660495470.2025
CHLD 1 40.867188 1660495470.2025
CHLD 2 66.726562 1660495470.2025
MEM 287.636719 1660495470.3209
CHLD 0 109.558594 1660495470.3229
CHLD 1 40.867188 1660495470.3229
CHLD 2 66.726562 1660495470.3229
MEM 287.636719 1660495470.4436
CHLD 0 109.558594 1660495470.4466
CHLD 1 40.867188 1660495470.4466
CHLD 2 66.726562 1660495470.4466
MEM 287.636719 1660495470.5570
CHLD 0 109.558594 1660495470.5610
CHLD 1 40.867188 1660495470.5610
CHLD 2 66.726562 1660495470.5610
MEM 287.636719 1660495470.6791
CHLD 0 109.558594 1660495470.6831
CHLD 1 40.867188 1660495470.6831
CHLD 2 66.726562 1660495470.6831
MEM 287.636719 1660495470.8057
CHLD 0 109.558594 1660495470.8097
CHLD 1 40.867188 1660495470.8097
CHLD 2 66.726562 1660495470.8097
MEM 287.636719 1660495470.9307
CHLD 0 109.558594 1660495470.9357
CHLD 1 40.867188 1660495470.9357
CHLD 2 66.726562 1660495470.9357
MEM 287.636719 1660495471.0493
CHLD 0 109.558594 1660495471.0533
CHLD 1 40.867188 1660495471.0533
CHLD 2 66.726562 1660495471.0533
MEM 287.636719 1660495471.1713
CHLD 0 109.558594 1660495471.1743
CHLD 1 40.867188 1660495471.1743
CHLD 2 66.726562 1660495471.1743
MEM 287.636719 1660495471.2869
CHLD 0 109.558594 1660495471.2909
CHLD 1 40.867188 1660495471.2909
CHLD 2 66.726562 1660495471.2909
MEM 287.636719 1660495471.4083
CHLD 0 109.558594 1660495471.4113
CHLD 1 40.867188 1660495471.4113
CHLD 2 66.726562 1660495471.4113
MEM 287.636719 1660495471.5314
CHLD 0 109.558594 1660495471.5344
CHLD 1 40.867188 1660495471.5344
CHLD 2 66.726562 1660495471.5344
MEM 287.636719 1660495471.6579
CHLD 0 109.558594 1660495471.6629
CHLD 1 40.867188 1660495471.6629
CHLD 2 66.726562 1660495471.6629
MEM 287.636719 1660495471.7770
CHLD 0 109.558594 1660495471.7800
CHLD 1 40.867188 1660495471.7800
CHLD 2 66.726562 1660495471.7800
MEM 287.636719 1660495471.9036
CHLD 0 109.558594 1660495471.9086
CHLD 1 40.867188 1660495471.9086
CHLD 2 66.726562 1660495471.9086
MEM 287.636719 1660495472.0290
CHLD 0 109.558594 1660495472.0330
CHLD 1 40.867188 1660495472.0330
CHLD 2 66.726562 1660495472.0330
MEM 287.636719 1660495472.1524
CHLD 0 109.558594 1660495472.1564
CHLD 1 40.867188 1660495472.1564
CHLD 2 66.726562 1660495472.1564
MEM 287.636719 1660495472.2768
CHLD 0 109.558594 1660495472.2808
CHLD 1 40.867188 1660495472.2808
CHLD 2 66.726562 1660495472.2808
MEM 287.613281 1660495472.4003
CHLD 0 109.558594 1660495472.4043
CHLD 1 40.867188 1660495472.4043
CHLD 2 66.726562 1660495472.4043
MEM 287.613281 1660495472.5237
CHLD 0 109.558594 1660495472.5290
CHLD 1 40.867188 1660495472.5290
CHLD 2 66.726562 1660495472.5290
MEM 287.613281 1660495472.6466
CHLD 0 109.558594 1660495472.6506
CHLD 1 40.867188 1660495472.6506
CHLD 2 66.726562 1660495472.6506
MEM 287.613281 1660495472.7697
CHLD 0 109.558594 1660495472.7737
CHLD 1 40.867188 1660495472.7737
CHLD 2 66.726562 1660495472.7737
MEM 287.558594 1660495472.8914
CHLD 0 109.558594 1660495472.8944
CHLD 1 40.867188 1660495472.8944
CHLD 2 66.726562 1660495472.8944
MEM 287.558594 1660495473.0154
CHLD 0 109.558594 1660495473.0184
CHLD 1 40.867188 1660495473.0184
CHLD 2 66.726562 1660495473.0184
MEM 287.558594 1660495473.1286
CHLD 0 109.558594 1660495473.1326
CHLD 1 40.867188 1660495473.1326
CHLD 2 66.726562 1660495473.1326
MEM 287.558594 1660495473.2534
CHLD 0 109.558594 1660495473.2574
CHLD 1 40.867188 1660495473.2574
CHLD 2 66.726562 1660495473.2574
MEM 287.558594 1660495473.3774
CHLD 0 109.558594 1660495473.3824
CHLD 1 40.867188 1660495473.3824
CHLD 2 66.726562 1660495473.3824
MEM 287.558594 1660495473.4990
CHLD 0 109.558594 1660495473.5020
CHLD 1 40.867188 1660495473.5020
CHLD 2 66.726562 1660495473.5020
MEM 287.558594 1660495473.6267
CHLD 0 109.558594 1660495473.6317
CHLD 1 40.867188 1660495473.6317
CHLD 2 66.726562 1660495473.6317
MEM 287.558594 1660495473.7471
CHLD 0 109.558594 1660495473.7501
CHLD 1 40.867188 1660495473.7501
CHLD 2 66.726562 1660495473.7501
MEM 287.558594 1660495473.8707
CHLD 0 109.558594 1660495473.8737
CHLD 1 40.867188 1660495473.8737
CHLD 2 66.726562 1660495473.8737
MEM 287.558594 1660495473.9985
CHLD 0 109.558594 1660495474.0025
CHLD 1 40.867188 1660495474.0025
CHLD 2 66.726562 1660495474.0025
MEM 287.558594 1660495474.1172
CHLD 0 109.558594 1660495474.1203
CHLD 1 40.867188 1660495474.1203
CHLD 2 66.726562 1660495474.1203
MEM 287.558594 1660495474.2448
CHLD 0 109.558594 1660495474.2488
CHLD 1 40.867188 1660495474.2488
CHLD 2 66.726562 1660495474.2488
MEM 287.558594 1660495474.3680
CHLD 0 109.558594 1660495474.3720
CHLD 1 40.867188 1660495474.3720
CHLD 2 66.726562 1660495474.3720
MEM 287.558594 1660495474.4929
CHLD 0 109.558594 1660495474.4969
CHLD 1 40.867188 1660495474.4969
CHLD 2 66.726562 1660495474.4969
MEM 287.558594 1660495474.6119
CHLD 0 109.558594 1660495474.6149
CHLD 1 40.867188 1660495474.6149
CHLD 2 66.726562 1660495474.6149
MEM 287.558594 1660495474.7260
CHLD 0 109.558594 1660495474.7300
CHLD 1 40.867188 1660495474.7300
CHLD 2 66.726562 1660495474.7300
MEM 287.558594 1660495474.8503
CHLD 0 109.558594 1660495474.8543
CHLD 1 40.867188 1660495474.8543
CHLD 2 66.726562 1660495474.8543
MEM 287.558594 1660495474.9725
CHLD 0 109.558594 1660495474.9775
CHLD 1 40.867188 1660495474.9775
CHLD 2 66.726562 1660495474.9775
MEM 287.558594 1660495475.0967
CHLD 0 109.558594 1660495475.1007
CHLD 1 40.867188 1660495475.1007
CHLD 2 66.726562 1660495475.1007
MEM 287.558594 1660495475.2176
CHLD 0 109.558594 1660495475.2207
CHLD 1 40.867188 1660495475.2207
CHLD 2 66.726562 1660495475.2207
MEM 287.558594 1660495475.3404
CHLD 0 109.558594 1660495475.3434
CHLD 1 40.867188 1660495475.3434
CHLD 2 66.726562 1660495475.3434
MEM 287.558594 1660495475.4686
CHLD 0 109.558594 1660495475.4725
CHLD 1 40.867188 1660495475.4725
CHLD 2 66.726562 1660495475.4725
MEM 287.558594 1660495475.5890
CHLD 0 109.558594 1660495475.5920
CHLD 1 40.867188 1660495475.5920
CHLD 2 66.726562 1660495475.5920
MEM 287.558594 1660495475.7171
CHLD 0 109.558594 1660495475.7211
CHLD 1 40.867188 1660495475.7211
CHLD 2 66.726562 1660495475.7211
MEM 287.558594 1660495475.8409
CHLD 0 109.558594 1660495475.8449
CHLD 1 40.867188 1660495475.8449
CHLD 2 66.726562 1660495475.8449
MEM 287.558594 1660495475.9650
CHLD 0 109.558594 1660495475.9700
CHLD 1 40.867188 1660495475.9700
CHLD 2 66.726562 1660495475.9700
MEM 287.558594 1660495476.0884
CHLD 0 109.558594 1660495476.0934
CHLD 1 40.867188 1660495476.0934
CHLD 2 66.726562 1660495476.0934
MEM 287.558594 1660495476.2104
CHLD 0 109.558594 1660495476.2134
CHLD 1 40.867188 1660495476.2134
CHLD 2 66.726562 1660495476.2134
MEM 287.558594 1660495476.3382
CHLD 0 109.558594 1660495476.3432
CHLD 1 40.867188 1660495476.3432
CHLD 2 66.726562 1660495476.3432
MEM 287.558594 1660495476.4625
CHLD 0 109.558594 1660495476.4665
CHLD 1 40.867188 1660495476.4665
CHLD 2 66.726562 1660495476.4665
MEM 287.558594 1660495476.5861
CHLD 0 109.558594 1660495476.5901
CHLD 1 40.867188 1660495476.5901
CHLD 2 66.726562 1660495476.5901
MEM 287.558594 1660495476.7056
CHLD 0 109.558594 1660495476.7086
CHLD 1 40.867188 1660495476.7086
CHLD 2 66.726562 1660495476.7086
MEM 287.558594 1660495476.8193
CHLD 0 109.558594 1660495476.8233
CHLD 1 40.867188 1660495476.8233
CHLD 2 66.726562 1660495476.8233
MEM 287.558594 1660495476.9390
CHLD 0 109.558594 1660495476.9420
CHLD 1 40.867188 1660495476.9420
CHLD 2 66.726562 1660495476.9420
MEM 287.558594 1660495477.0524
CHLD 0 109.558594 1660495477.0564
CHLD 1 40.867188 1660495477.0564
CHLD 2 66.726562 1660495477.0574
MEM 287.562500 1660495477.1752
CHLD 0 109.562500 1660495477.1792
CHLD 1 40.867188 1660495477.1792
CHLD 2 66.726562 1660495477.1792
MEM 287.562500 1660495477.2974
CHLD 0 109.562500 1660495477.3004
CHLD 1 40.867188 1660495477.3004
CHLD 2 66.726562 1660495477.3004
MEM 287.562500 1660495477.4216
CHLD 0 109.562500 1660495477.4246
CHLD 1 40.867188 1660495477.4246
CHLD 2 66.726562 1660495477.4246
MEM 287.562500 1660495477.5440
CHLD 0 109.562500 1660495477.5470
CHLD 1 40.867188 1660495477.5470
CHLD 2 66.726562 1660495477.5470
MEM 287.562500 1660495477.6704
CHLD 0 109.562500 1660495477.6744
CHLD 1 40.867188 1660495477.6744
CHLD 2 66.726562 1660495477.6744
MEM 287.562500 1660495477.7936
CHLD 0 109.562500 1660495477.7986
CHLD 1 40.867188 1660495477.7986
CHLD 2 66.726562 1660495477.7986
MEM 287.562500 1660495477.9168
CHLD 0 109.562500 1660495477.9218
CHLD 1 40.867188 1660495477.9218
CHLD 2 66.726562 1660495477.9218
MEM 287.562500 1660495478.0405
CHLD 0 109.562500 1660495478.0445
CHLD 1 40.867188 1660495478.0445
CHLD 2 66.726562 1660495478.0445
MEM 287.562500 1660495478.1606
CHLD 0 109.562500 1660495478.1636
CHLD 1 40.867188 1660495478.1636
CHLD 2 66.726562 1660495478.1636
MEM 287.562500 1660495478.2873
CHLD 0 109.562500 1660495478.2913
CHLD 1 40.867188 1660495478.2913
CHLD 2 66.726562 1660495478.2913
MEM 287.562500 1660495478.4117
CHLD 0 109.562500 1660495478.4167
CHLD 1 40.867188 1660495478.4167
CHLD 2 66.726562 1660495478.4167
MEM 287.562500 1660495478.5365
CHLD 0 109.562500 1660495478.5405
CHLD 1 40.867188 1660495478.5405
CHLD 2 66.726562 1660495478.5405
MEM 287.562500 1660495478.6570
CHLD 0 109.562500 1660495478.6600
CHLD 1 40.867188 1660495478.6600
CHLD 2 66.726562 1660495478.6600
MEM 287.562500 1660495478.7826
CHLD 0 109.562500 1660495478.7867
CHLD 1 40.867188 1660495478.7867
CHLD 2 66.726562 1660495478.7867
MEM 287.562500 1660495478.9084
CHLD 0 109.562500 1660495478.9124
CHLD 1 40.867188 1660495478.9124
CHLD 2 66.726562 1660495478.9124
MEM 287.562500 1660495479.0286
CHLD 0 109.562500 1660495479.0316
CHLD 1 40.867188 1660495479.0316
CHLD 2 66.726562 1660495479.0316
MEM 287.562500 1660495479.1407
CHLD 0 109.562500 1660495479.1457
CHLD 1 40.867188 1660495479.1457
CHLD 2 66.726562 1660495479.1457
MEM 287.562500 1660495479.2671
CHLD 0 109.562500 1660495479.2711
CHLD 1 40.867188 1660495479.2711
CHLD 2 66.726562 1660495479.2711
MEM 287.562500 1660495479.3867
CHLD 0 109.562500 1660495479.3887
CHLD 1 40.867188 1660495479.3887
CHLD 2 66.726562 1660495479.3887
MEM 287.562500 1660495479.4997
CHLD 0 109.562500 1660495479.5047
CHLD 1 40.867188 1660495479.5047
CHLD 2 66.726562 1660495479.5047
MEM 287.562500 1660495479.6210
CHLD 0 109.562500 1660495479.6240
CHLD 1 40.867188 1660495479.6240
CHLD 2 66.726562 1660495479.6240
MEM 287.562500 1660495479.7319
CHLD 0 109.562500 1660495479.7339
CHLD 1 40.867188 1660495479.7339
CHLD 2 66.726562 1660495479.7339
MEM 287.546875 1660495479.8587
CHLD 0 109.546875 1660495479.8627
CHLD 1 40.867188 1660495479.8627
CHLD 2 66.726562 1660495479.8627
MEM 287.531250 1660495479.9799
CHLD 0 109.531250 1660495479.9819
CHLD 1 40.867188 1660495479.9819
CHLD 2 66.726562 1660495479.9819
MEM 287.531250 1660495480.0929
CHLD 0 109.531250 1660495480.0969
CHLD 1 40.867188 1660495480.0969
CHLD 2 66.726562 1660495480.0969
MEM 287.507812 1660495480.2142
CHLD 0 109.531250 1660495480.2172
CHLD 1 40.867188 1660495480.2172
CHLD 2 66.726562 1660495480.2172
MEM 287.507812 1660495480.3396
CHLD 0 109.531250 1660495480.3416
CHLD 1 40.867188 1660495480.3426
CHLD 2 66.726562 1660495480.3426
MEM 287.507812 1660495480.4639
CHLD 0 109.531250 1660495480.4679
CHLD 1 40.867188 1660495480.4679
CHLD 2 66.726562 1660495480.4679
MEM 287.507812 1660495480.5905
CHLD 0 109.531250 1660495480.5959
CHLD 1 40.867188 1660495480.5959
CHLD 2 66.726562 1660495480.5959
MEM 287.507812 1660495480.7135
CHLD 0 109.531250 1660495480.7176
CHLD 1 40.867188 1660495480.7176
CHLD 2 66.726562 1660495480.7176
MEM 287.507812 1660495480.8356
CHLD 0 109.531250 1660495480.8396
CHLD 1 40.867188 1660495480.8396
CHLD 2 66.726562 1660495480.8396
MEM 287.507812 1660495480.9578
CHLD 0 109.531250 1660495480.9598
CHLD 1 40.867188 1660495480.9598
CHLD 2 66.726562 1660495480.9598
MEM 287.507812 1660495481.0847
CHLD 0 109.531250 1660495481.0897
CHLD 1 40.867188 1660495481.0897
CHLD 2 66.726562 1660495481.0897
MEM 287.507812 1660495481.2084
CHLD 0 109.531250 1660495481.2134
CHLD 1 40.867188 1660495481.2134
CHLD 2 66.726562 1660495481.2134
MEM 287.507812 1660495481.3348
CHLD 0 109.531250 1660495481.3388
CHLD 1 40.867188 1660495481.3388
CHLD 2 66.726562 1660495481.3388
MEM 287.507812 1660495481.4550
CHLD 0 109.531250 1660495481.4580
CHLD 1 40.867188 1660495481.4580
CHLD 2 66.726562 1660495481.4580
MEM 287.507812 1660495481.5831
CHLD 0 109.531250 1660495481.5881
CHLD 1 40.867188 1660495481.5881
CHLD 2 66.726562 1660495481.5881
MEM 287.507812 1660495481.7033
CHLD 0 109.531250 1660495481.7063
CHLD 1 40.867188 1660495481.7063
CHLD 2 66.726562 1660495481.7063
MEM 287.507812 1660495481.8275
CHLD 0 109.531250 1660495481.8315
CHLD 1 40.867188 1660495481.8315
CHLD 2 66.726562 1660495481.8315
MEM 287.500000 1660495481.9549
CHLD 0 109.523438 1660495481.9589
CHLD 1 40.867188 1660495481.9589
CHLD 2 66.726562 1660495481.9589
MEM 287.500000 1660495482.0784
CHLD 0 109.523438 1660495482.0824
CHLD 1 40.867188 1660495482.0824
CHLD 2 66.726562 1660495482.0824
MEM 287.500000 1660495482.2003
CHLD 0 109.523438 1660495482.2043
CHLD 1 40.867188 1660495482.2043
CHLD 2 66.726562 1660495482.2043
MEM 287.500000 1660495482.3244
CHLD 0 109.523438 1660495482.3274
CHLD 1 40.867188 1660495482.3274
CHLD 2 66.726562 1660495482.3274
MEM 287.500000 1660495482.4515
CHLD 0 109.523438 1660495482.4565
CHLD 1 40.867188 1660495482.4565
CHLD 2 66.726562 1660495482.4565
MEM 287.500000 1660495482.5719
CHLD 0 109.523438 1660495482.5749
CHLD 1 40.867188 1660495482.5749
CHLD 2 66.726562 1660495482.5749
MEM 287.500000 1660495482.6854
CHLD 0 109.523438 1660495482.6904
CHLD 1 40.867188 1660495482.6904
CHLD 2 66.726562 1660495482.6904
MEM 287.500000 1660495482.8118
CHLD 0 109.523438 1660495482.8158
CHLD 1 40.867188 1660495482.8158
CHLD 2 66.726562 1660495482.8158
MEM 287.500000 1660495482.9351
CHLD 0 109.523438 1660495482.9391
CHLD 1 40.867188 1660495482.9391
CHLD 2 66.726562 1660495482.9391
MEM 287.500000 1660495483.0596
CHLD 0 109.523438 1660495483.0636
CHLD 1 40.867188 1660495483.0636
CHLD 2 66.726562 1660495483.0636
MEM 287.500000 1660495483.1837
CHLD 0 109.523438 1660495483.1877
CHLD 1 40.867188 1660495483.1877
CHLD 2 66.726562 1660495483.1877
MEM 287.500000 1660495483.3089
CHLD 0 109.523438 1660495483.3129
CHLD 1 40.867188 1660495483.3129
CHLD 2 66.726562 1660495483.3129
MEM 287.500000 1660495483.4305
CHLD 0 109.523438 1660495483.4335
CHLD 1 40.867188 1660495483.4335
CHLD 2 66.726562 1660495483.4335
MEM 287.500000 1660495483.5574
CHLD 0 109.523438 1660495483.5624
CHLD 1 40.867188 1660495483.5624
CHLD 2 66.726562 1660495483.5624
MEM 287.500000 1660495483.6803
CHLD 0 109.523438 1660495483.6843
CHLD 1 40.867188 1660495483.6843
CHLD 2 66.726562 1660495483.6843
MEM 287.500000 1660495483.8058
CHLD 0 109.523438 1660495483.8098
CHLD 1 40.867188 1660495483.8098
CHLD 2 66.726562 1660495483.8098
MEM 287.500000 1660495483.9286
CHLD 0 109.523438 1660495483.9326
CHLD 1 40.867188 1660495483.9326
CHLD 2 66.726562 1660495483.9326
MEM 287.500000 1660495484.0535
CHLD 0 109.523438 1660495484.0575
CHLD 1 40.867188 1660495484.0575
CHLD 2 66.726562 1660495484.0575
MEM 287.500000 1660495484.1777
CHLD 0 109.523438 1660495484.1817
CHLD 1 40.867188 1660495484.1817
CHLD 2 66.726562 1660495484.1817
MEM 287.500000 1660495484.3010
CHLD 0 109.523438 1660495484.3050
CHLD 1 40.867188 1660495484.3050
CHLD 2 66.726562 1660495484.3050
MEM 287.500000 1660495484.4255
CHLD 0 109.523438 1660495484.4295
CHLD 1 40.867188 1660495484.4295
CHLD 2 66.726562 1660495484.4295
MEM 287.500000 1660495484.5498
CHLD 0 109.523438 1660495484.5538
CHLD 1 40.867188 1660495484.5538
CHLD 2 66.726562 1660495484.5538
MEM 287.500000 1660495484.6713
CHLD 0 109.523438 1660495484.6743
CHLD 1 40.867188 1660495484.6743
CHLD 2 66.726562 1660495484.6743
MEM 287.500000 1660495484.7844
CHLD 0 109.523438 1660495484.7884
CHLD 1 40.867188 1660495484.7884
CHLD 2 66.726562 1660495484.7884
MEM 287.500000 1660495484.9086
CHLD 0 109.523438 1660495484.9136
CHLD 1 40.867188 1660495484.9136
CHLD 2 66.726562 1660495484.9136
MEM 287.500000 1660495485.0278
CHLD 0 109.523438 1660495485.0298
CHLD 1 40.867188 1660495485.0308
CHLD 2 66.726562 1660495485.0308
MEM 287.500000 1660495485.1408
CHLD 0 109.523438 1660495485.1438
CHLD 1 40.867188 1660495485.1438
CHLD 2 66.726562 1660495485.1438
MEM 287.500000 1660495485.2620
CHLD 0 109.523438 1660495485.2650
CHLD 1 40.867188 1660495485.2650
CHLD 2 66.726562 1660495485.2650
